Time
1099.360000
1154.290000
1152.450000
1246.440000
1186.680000
1141.740000
1226.650000
1270.750000
1203.340000
1237.490000
1130.770000
1127.190000
1229.760000
1113.700000
1203.760000
1169.840000
1157.710000
1190.120000
1203.370000
1043.100000
1075.900000
1088.080000
1096.470000
1065.330000
1100.250000
1269.010000
1073.430000
1122.040000
1078.150000
1093.460000
1233.530000
1125.750000
1135.130000
1164.290000
1122.620000
1155.540000
1063.980000
1169.610000
1074.670000
1085.460000
1060.930000
1033.270000
1073.600000
1098.040000
1120.450000
1271.151024
1317.995384
1372.330958
1448.459386
1248.809843
1385.090237
1452.048102
1308.512440
1422.627472
1513.376300
1289.909484
1233.925352
1556.843269
1251.058935
1253.229589
1435.287331
1368.902297
1768.263579
1568.301754
1284.302047
1278.378403
1376.009872
1259.790357
1252.675663
1364.681131
1607.054947
1261.338972
1366.269527
1226.939278
1411.935422
1452.901602
1429.649648
1401.738343
1411.621471
1404.714256
1367.896519
1374.977175
1265.877900
1392.901655
1323.870630
1108.764664
1277.361319
1307.406222
1483.284542
1460.709356
1690.062702
1371.450203
1472.432405
1827.000566
1653.541391
1522.029259
1655.092673
1707.213545
2064.957024
1907.213990
1589.795446
1490.251915
1844.640000
1532.800841
2131.531766
1776.455215
1794.707009
1781.199666
1853.813099
1535.784837
1524.191667
1367.472867
1478.317594
1627.366990
1394.062368
1669.655863
1592.528534
1497.233186
1472.632343
1356.223011
1476.405702
1569.707746
1635.634006
1556.356184
1437.611546
1407.162441
1554.985876
1479.106800
1512.876690
1560.653883
1227.994347
1312.552399
1454.529185
1580.060949
1322.371587
1807.934612
1815.793386
1682.046548
2416.387223
1386.383067
2027.918640
2083.535345
1739.706807
2012.876249
1806.255598
1692.956216
1630.139914
1767.894205
1499.241556
1608.195588
1670.956916
1515.967378
2230.977458
2243.877895
1962.040258
1371.025347
1379.890328
1396.274035
1520.992757
1506.948173
1583.803178
1767.127287
1797.210757
1832.015676
1535.833171
2137.132075
1597.895540
1771.391628
2080.332486
1593.873670
1487.296976
1706.868218
1740.919500
1945.978060
1511.018906
1282.968513
1448.824239
1449.757630
1701.031458
1445.243021
1991.950470
1805.770608
1618.734521
1939.778379
1940.226238
1761.018380
2504.526841
2124.356773
1893.181838
1863.232116
1872.088098
1709.382826
1904.940267
1891.807148
2068.175977
1718.601309
1684.408198
2204.110201
1845.770526
1478.054511
1613.102847
1569.256605
2064.890706
1658.326654
1501.535840
2033.635476
1731.894354
2052.058959
1529.095966
1783.628669
1808.074672
1924.697770
1929.230310
2038.194532
1706.546886
1706.865603
1482.660952
1721.126100
1769.844497
1614.357301
1566.406743
1772.282674
2082.784000
2269.592847
2347.445859
2014.846453
2458.086447
2063.629844
2195.734980
1751.174001
1861.324034
1824.606948
1925.006220
1846.583250
2330.039733
1707.350743
2034.440488
1797.130698
1752.106868
1766.151118
1798.575825
1801.547245
2323.520234
2042.813567
1550.810538
1472.638125
1556.063053
1592.565168
2016.347392
1419.577653
1807.377879
1767.910241
1671.556435
1394.804105
1690.497475
1689.683649
2107.037559
1712.508804
1904.452329
1721.350667
1582.657074
1722.940423
1805.697900
1947.679834
1698.980870
1629.948311
1820.951188
1782.176000
2290.995322
1654.897776
2035.198437
2154.897395
2208.220824
2474.247144
2072.474046
2623.646998
2160.841306
2204.272633
2631.449658
2063.149725
1464.243190
1605.881879
1676.530163
1674.842467
1760.943792
1654.791855
1754.520620
2922.560569
2123.239298
1776.986884
1975.471944
1622.030813
1866.299287
1682.935618
1552.566409
1854.775715
1563.559234
1668.016877
1527.569922
1870.107635
1918.630995
1471.931338
1605.374777
1901.704201
1468.041538
1411.970513
1496.322326
1757.114100
1563.929897
1310.851619
1678.496925
1424.115609
1331.264000
1531.672746
1782.065414
1087.135165
1940.242887
1196.939532
1718.145460
3871.576784
1208.028953
1798.527828
3503.124914
1275.522126
1469.394426
1143.565134
1362.492934
1513.902169
1391.539664
1010.221081
1445.496844
1266.298752
1624.971538
1701.004211
2310.003867
1199.927361
1111.362739
1952.176657
1317.770343
1442.000176
1233.238048
1735.026171
1153.896025
1043.050991
1672.203848
1731.468716
1400.580986
1494.151664
1887.047522
1533.013685
1303.788890
1322.742508
2906.031000
1683.054046
1368.623478
983.109428
1254.150181
1245.376000
1417.216034
1568.114456
1898.670542
1467.501831
1595.634187
1776.005382
1814.191414
1535.984828
2142.213364
1573.727713
2094.195353
1710.295145
1541.013996
1454.673465
1411.574443
1247.156692
1475.408796
1425.928611
1633.961455
1724.479900
1782.435263
1572.953677
1365.795278
1301.505107
1465.282636
1778.196125
1172.156711
1706.322114
1359.991182
1847.649464
1262.038287
1867.613049
1574.774714
1437.577465
1428.726304
1510.554060
1743.556337
1571.438239
1224.702054
1487.204100
1514.578464
1349.908651
1515.716279
1412.884413
1316.154074
2145.830712
1746.836541
1422.094908
1241.989313
1636.701448
1340.584957
1456.501032
1352.817983
1616.905391
1259.333449
1820.086014
1381.430679
1268.317694
1219.370531
1415.229004
1222.182341
1282.737765
1215.782807
1493.736610
1570.241940
1363.216140
1308.026839
1146.879514
1334.877033
1209.950811
1428.907601
1143.548665
1404.049119
1327.890066
1565.369685
1439.059377
1644.763407
1394.576613
1393.534038
1490.062579
1254.062164
1375.106696
1397.546297
1266.489789
1298.267100
1334.190467
1334.448576
1332.945027
1707.890486
1569.841778
1625.657525
1445.243021
