Time
893.460000
966.570000
888.870000
1085.100000
891.940000
898.670000
920.960000
860.490000
881.780000
915.430000
955.970000
862.610000
930.260000
953.730000
926.020000
979.170000
1006.710000
869.510000
894.300000
874.470000
853.630000
878.100000
915.180000
902.700000
918.780000
983.730000
1014.240000
948.460000
943.110000
1126.480000
977.190000
907.890000
901.210000
980.150000
882.290000
1051.740000
965.250000
935.020000
914.360000
1052.400000
980.910000
1017.990000
1036.360000
1057.580000
945.472045
896.069582
777.926014
904.207938
1095.189687
868.247844
741.019794
1032.150008
724.257334
937.893273
806.419882
887.788956
774.187563
924.641519
922.189323
943.785372
846.888590
983.909948
885.215435
861.307771
738.221133
740.512363
779.179347
892.792350
902.007745
832.580238
1143.507803
847.891720
946.881864
953.369774
1018.904658
919.305012
746.279834
925.849544
1063.172574
841.511891
1292.082779
1035.420330
1167.943132
858.070571
1055.013576
1025.793569
984.785871
1075.934606
1071.237207
906.929508
905.082855
833.843287
818.023336
1108.948352
758.845828
698.894638
1074.325529
838.247932
722.124379
837.019213
795.923971
747.988322
1009.721381
879.384118
846.075827
906.559009
1017.233101
900.206987
981.343328
790.862741
720.104542
882.400898
855.479600
679.101764
820.265987
1000.960939
881.807389
912.951930
935.217866
1228.807764
1096.006555
972.534066
1248.403579
955.968668
1351.608966
1062.315082
864.890110
998.241993
767.458318
976.606291
872.373369
1370.277709
1015.748226
936.372284
894.344189
1029.015363
1027.403077
961.177420
1008.968724
1187.395125
816.334467
925.560966
907.754394
787.589864
763.070829
1032.045691
779.427411
878.891027
916.181575
776.494788
1040.278260
952.340645
793.124475
902.723548
808.822819
612.234631
902.471755
798.492854
728.251840
642.393462
950.834570
779.252866
1119.687804
983.359883
1104.615093
931.491325
922.255348
872.837191
878.588405
1476.167555
1401.679086
953.826923
879.284822
793.543664
1075.050993
1022.529309
1620.523461
897.848878
1094.283745
961.203693
1006.482179
717.707413
755.210830
1119.038039
804.836484
1113.763601
999.176420
875.086357
828.338788
715.896859
760.039212
766.327790
967.181450
866.617654
914.916643
817.412841
1123.341037
820.252044
864.115620
730.170064
764.418668
888.852245
927.391446
824.475230
880.468995
946.135223
1065.921019
880.600133
937.585506
1006.660311
983.283157
1058.726155
1137.898956
918.890625
985.347403
1273.816728
1030.524725
1128.845320
967.903604
1084.634106
1348.139201
1009.891432
987.716213
1125.012462
999.746231
1032.019787
898.363217
899.095292
1218.100423
880.790750
873.139602
1056.688493
1126.699750
951.253576
927.542235
1002.620188
962.167115
1187.104866
1114.437260
974.874772
1183.343480
1383.787787
1004.433966
1278.975353
909.151530
1046.046598
961.250694
1006.765841
929.005675
904.413373
1032.289920
1135.367389
1061.296755
1092.271331
1150.968696
1292.510857
961.760055
1213.310895
1456.522245
1099.526109
1509.352651
1101.510989
1285.236566
917.792282
1186.563576
1208.592105
1084.398258
1038.008942
1259.877385
1126.385998
1173.227735
1093.766434
1197.089507
1693.232967
888.455859
1175.036555
1134.904913
1280.309031
1207.771394
889.930557
833.961817
1029.630159
954.339206
1016.811354
923.059105
1086.289185
1376.772387
1015.856100
888.684301
751.226707
1023.889536
1048.702286
785.602995
1028.690337
1009.084512
916.372691
879.384841
1000.538502
933.639439
997.914348
839.332330
768.546123
757.105998
913.248314
904.532605
895.997879
689.464286
821.054039
595.157748
1005.355629
886.246473
844.680644
732.130215
950.883067
674.887700
648.204568
1005.896434
759.593098
939.258157
708.674203
509.331435
1187.816020
1627.146276
700.079879
608.161713
829.655646
655.635998
632.480483
693.143929
640.293605
860.548084
842.725009
902.348637
807.256672
693.630595
588.911407
795.666122
961.990541
836.935813
555.509576
549.823615
826.088790
755.138286
864.188661
1398.479441
919.305012
747.716369
869.850580
1090.578084
959.397697
717.182852
735.156593
951.657367
709.109520
788.428808
782.606231
704.575418
995.960923
932.104407
1018.624209
871.283081
940.147552
898.364914
1133.713948
811.804766
789.527550
891.053722
647.105162
836.354970
883.555696
943.769182
795.801936
841.969577
887.644772
835.712694
606.769075
1109.310235
933.759507
907.637284
759.277776
766.750990
886.701796
747.611831
971.925460
894.151497
948.484896
1099.029172
994.225957
881.551356
1121.232422
763.167872
1031.431994
966.915452
670.628947
997.951546
1063.276453
980.752747
806.912278
858.070571
1083.762914
855.236007
1041.475847
725.534447
1367.427893
994.240154
905.833962
712.177133
981.628003
757.643787
682.194734
777.400611
1026.782215
672.127488
762.873303
785.382841
941.616096
740.783531
971.997291
895.905425
840.154037
711.731498
1179.464242
787.413407
755.311460
636.034483
729.433832
1009.277388
716.404804
924.159893
690.282219
832.567667
919.760637
799.326106
810.522151
1125.605404
773.830896
765.673054
990.808343
906.799959
974.967521
1119.997349
880.392857
820.222171
811.391532
947.856954
838.914709
1002.602721
1404.898520
952.590218
969.856100
