Time
1125.670000
1227.020000
1097.800000
1241.160000
1198.530000
1141.890000
1213.140000
1152.500000
1248.460000
1285.060000
1305.900000
1222.300000
1359.150000
1306.050000
1257.280000
1310.480000
1329.690000
1160.540000
1247.350000
1253.850000
1288.380000
1211.880000
1210.480000
1242.110000
1247.220000
1275.360000
1210.520000
1240.220000
1180.260000
1254.230000
1266.030000
1276.330000
1190.530000
1229.970000
1134.610000
1188.050000
1222.270000
1088.350000
1193.430000
1206.730000
1148.450000
1160.010000
1208.490000
1224.890000
1129.310000
1022.741841
1100.567284
1006.091892
1169.929906
1128.028235
1099.259440
1121.002785
1038.218487
1314.603576
1052.459534
1048.087349
1248.451535
1260.558808
1168.102641
1105.663790
1138.702325
1326.422948
1297.602807
1125.603327
1005.102339
1223.065560
1282.086952
987.934708
1228.808987
1113.882336
1125.968590
1402.090744
1352.554657
1027.589552
1229.597005
1207.821724
1158.695899
1226.459535
969.819395
958.245751
1044.767588
893.231055
1094.073138
1337.074501
1144.410610
1080.718343
1010.800871
1043.781472
1311.617351
1099.900885
1124.710120
1262.383895
944.054054
1022.590943
1122.462307
1119.559707
1051.899873
1163.153361
933.244520
1346.088835
1253.285173
1139.297302
1224.173964
1332.749489
1096.381165
1222.970618
1190.295799
1180.762381
1104.574357
1151.721895
1132.468111
1229.161711
1246.877595
1053.849506
962.082533
811.508894
1154.602053
1167.599616
1113.711343
1138.249648
1022.802562
1364.555576
1113.815587
1118.739529
793.639119
1070.638023
939.735226
801.239264
652.303454
1237.323155
1192.276366
1008.071435
1059.781729
1043.940341
1119.506962
986.033260
1222.733467
855.942342
1018.687925
816.336223
1235.271227
1083.572041
1044.997899
1166.814023
973.006900
1334.312006
1315.535907
1144.362047
1045.729983
897.320427
726.003759
1069.414889
1189.750106
1335.893035
1334.743548
1055.565626
1172.996150
1330.072096
1135.701895
792.846266
841.018308
1116.287904
1237.950613
1092.180896
929.895565
1150.652882
1124.582009
1158.484739
1246.516682
1216.913316
1054.717755
1109.958040
990.102805
1196.381599
1232.790836
1069.761752
1152.731506
982.604019
1297.698147
914.623464
1433.674006
1321.323721
728.270270
1052.839340
1318.197469
1386.508213
1196.824035
1291.962185
1137.876209
1248.212401
743.973650
950.551442
995.301554
1371.686244
1126.291846
1207.845540
1464.728133
1490.838896
1168.768057
1346.877581
1403.206999
1061.745134
1383.108591
1213.461664
1333.376645
1255.994447
1280.935192
1271.991418
1092.180896
1309.654239
1479.113867
1543.359410
1218.690987
1158.267713
1053.146514
1305.461977
930.960854
1141.765951
1583.041113
1286.045587
1514.001735
1304.670071
1134.135864
942.223077
1372.425347
1394.926060
1419.913974
1054.643243
1424.601887
1151.219605
1193.655680
1475.155206
1435.298319
1364.211258
1417.481057
1551.085093
1558.858884
1647.881347
1520.758390
1382.079737
1502.784567
1428.790565
1706.544298
1396.766371
1205.313871
1515.927081
1411.699786
1515.179863
1416.046326
1489.279145
1139.801128
1443.511446
1366.170979
1282.040299
1261.414624
1398.038054
1262.213908
1540.114666
1222.615919
1124.532043
1067.652973
1161.726834
1241.920859
1134.398013
1308.707183
1319.771249
1200.041718
1173.665911
1478.647806
1274.394965
1145.103776
2994.143127
3039.854054
1408.014057
959.195062
2233.029333
1853.301693
2110.334034
2208.575348
1111.185394
1102.806769
1334.865302
1008.212306
972.306388
1025.214372
1402.310833
1245.835676
1536.900987
1210.825998
1062.738992
1717.137694
1467.865348
1163.683093
2181.366161
1424.661661
986.721041
1191.880684
959.950704
910.150746
1053.060540
954.199951
1132.816396
1210.922439
1491.959126
934.730518
986.061600
856.378693
837.485802
975.995515
836.212901
867.562836
1225.516447
892.249626
823.374484
754.833941
900.379906
2112.189013
822.675676
1021.615189
1460.128653
812.010667
1417.569446
1649.334034
945.646440
1031.732760
1208.036422
1237.081302
1303.985881
1329.412053
924.136899
1145.184501
1161.981351
1251.540716
1317.077640
1394.402540
1090.329763
1113.590267
1714.846667
1236.994226
823.616497
784.765987
1188.774132
1099.518005
1307.485373
1316.838863
1151.692315
1406.903853
1263.360139
1261.224843
998.557580
1159.194514
868.662814
2086.083655
971.076183
1088.889700
908.401041
967.129906
970.368528
1132.809108
1178.325191
995.210405
1172.366707
957.540541
1109.433113
900.752810
1177.415467
1253.450032
1026.596639
1392.115579
1303.483799
1353.253344
1263.232837
1171.357254
1441.772402
1173.736374
945.317395
1358.004447
1400.961646
1630.298625
983.867782
1388.458577
1350.133690
1144.964330
1234.947916
1394.917105
931.390889
1305.787613
1253.836322
1001.165821
1338.392733
1193.269655
1506.892839
1317.739976
1034.167601
1097.657491
1112.428727
947.632161
819.362533
1194.413866
1366.494254
1183.311882
1136.354894
934.603248
1579.294362
1077.353898
1162.438383
1266.670428
1013.284685
1016.736415
857.153034
1059.673920
1147.876139
959.771008
1162.680050
1324.210573
1293.272442
1288.247349
1164.315026
1322.737181
1200.552847
1094.407453
1229.500418
1305.467067
1101.253993
1072.850685
1243.081276
1341.492834
1118.966048
1227.785832
993.878437
848.395662
1293.361403
1242.489387
1108.818060
1256.282750
1027.999729
1088.115438
1077.886052
1003.832018
975.882176
885.564908
802.855025
1129.365819
1106.849753
1344.965737
826.724631
750.594706
1002.369042
1024.667596
1050.885694
