Building time 0.040000

   Time       cl    pb      cost
     0.570     1     1    287.419
     0.680     1     2    303.886
     0.540     1     3    367.602
     0.550     1     4    316.420
     0.430     1     5    266.215
     0.550     1     6    292.454
     0.450     1     7    283.707
     0.500     1     8    350.119
     0.490     1     9    304.581
     0.460     1    10    311.301
     0.470     1    11    364.816
     0.470     1    12    318.202
     0.420     1    13    307.299
     0.510     1    14    302.515
     0.580     1    15    276.532
     0.510     1    16    313.954
     0.620     1    17    322.252
     0.560     1    18    366.490
     0.500     1    19    320.329
     0.460     1    20    270.348
     0.500     1    21    308.240
     0.460     1    22    330.472
     0.500     1    23    312.299
     0.430     1    24    286.943
     0.460     1    25    298.566
     0.560     1    26    333.479
     0.500     1    27    415.688
     0.450     1    28    365.246
     0.470     1    29    313.528
     0.500     1    30    420.122
     0.470     1    31    295.047
     0.470     1    32    309.250
     0.540     1    33    326.681
     0.550     1    34    295.784
     0.480     1    35    339.302
     0.470     1    36    309.020
     0.470     1    37    295.701
     0.470     1    38    329.480
     0.620     1    39    288.918
     0.610     1    40    301.466
     0.560     1    41    353.731
     0.450     1    42    307.423
     0.500     1    43    349.169
     0.480     1    44    328.404
     0.470     1    45    348.854
     0.560     2     1    389.370
     0.500     2     2    316.724
     0.530     2     3    428.829
     0.480     2     4    295.965
     0.560     2     5    371.998
     0.520     2     6    289.565
     0.510     2     7    293.790
     0.490     2     8    246.833
     0.470     2     9    296.800
     0.570     2    10    552.730
     0.540     2    11    468.179
     0.490     2    12    279.696
     0.540     2    13    460.978
     0.520     2    14    530.758
     0.500     2    15    415.969
     0.460     2    16    359.463
     0.480     2    17    348.060
     0.500     2    18    463.283
     0.480     2    19    426.714
     0.500     2    20    313.603
     0.510     2    21    344.491
     0.480     2    22    395.206
     0.480     2    23    457.319
     0.480     2    24    411.802
     0.530     2    25    527.444
     0.510     2    26    402.841
     0.550     2    27    544.798
     0.540     2    28    558.848
     0.590     2    29    527.923
     0.580     2    30    489.713
     0.460     2    31    432.594
     0.470     2    32    367.419
     0.470     2    33    289.329
     0.450     2    34    246.686
     0.450     2    35    229.357
     0.580     2    36    416.496
     0.470     2    37    450.130
     0.470     2    38    412.357
     0.530     2    39    357.100
     0.500     2    40    284.522
     0.470     2    41    340.993
     0.550     2    42    449.190
     0.470     2    43    302.070
     0.470     2    44    379.741
     0.460     2    45    317.882
     0.480     3     1    986.401
     0.500     3     2   1148.484
     0.540     3     3   1849.548
     0.560     3     4   1048.840
     0.610     3     5   1120.176
     0.600     3     6    811.868
     0.490     3     7   1307.313
     0.560     3     8    742.382
     0.560     3     9    532.502
     0.530     3    10   1257.180
     0.520     3    11   1550.521
     0.540     3    12    782.127
     0.540     3    13    930.747
     0.500     3    14    895.980
     0.500     3    15   1380.401
     0.490     3    16    876.314
     0.540     3    17    876.659
     0.490     3    18   1284.067
     0.480     3    19    976.385
     0.510     3    20   1013.614
     0.540     3    21   1044.051
     0.480     3    22    629.219
     0.520     3    23    894.451
     0.550     3    24    993.302
     0.520     3    25   1118.495
     0.580     3    26    897.864
     0.650     3    27   1595.102
     0.530     3    28   1423.340
     0.580     3    29   1624.567
     0.530     3    30   1712.211
     0.500     3    31    582.478
     0.480     3    32    764.304
     0.510     3    33   1102.706
     0.580     3    34    811.465
     0.620     3    35    892.035
     0.560     3    36    898.224
     0.510     3    37   1134.606
     0.540     3    38    941.881
     0.500     3    39    954.238
     0.550     3    40   1129.026
     0.520     3    41    466.466
     0.500     3    42    598.421
     0.530     3    43   1007.816
     0.520     3    44   1207.665
     0.520     3    45    606.780
     0.500     4     1   1792.797
     0.460     4     2   2032.896
     0.570     4     3   1747.840
     0.680     4     4   1630.679
     0.500     4     5   1352.182
     0.640     4     6    752.723
     0.440     4     7   2226.107
     0.490     4     8   1467.591
     0.490     4     9   2325.051
     0.490     4    10   1596.790
     0.530     4    11   3125.086
     0.600     4    12   2254.586
     0.530     4    13   1272.683
     0.610     4    14   1644.573
     0.490     4    15   1034.105
     0.580     4    16   2019.831
     0.580     4    17   1692.690
     0.610     4    18   2467.920
     0.740     4    19   2134.900
     0.530     4    20   1540.284
     0.530     4    21   2102.750
     0.590     4    22   1134.662
     0.470     4    23   1469.965
     0.530     4    24   1287.466
     0.560     4    25   1285.390
     0.550     4    26   2208.392
     0.560     4    27   1956.533
     0.510     4    28   2899.504
     0.460     4    29   1832.022
     0.500     4    30   2175.749
     0.520     4    31   1571.769
     0.630     4    32   1591.035
     0.440     4    33   2590.268
     0.550     4    34   1559.501
     0.500     4    35   2016.501
     0.550     4    36   1229.514
     0.490     4    37   1085.946
     0.510     4    38   1459.812
     0.590     4    39   1403.689
     0.480     4    40   2362.333
     0.510     4    41   1564.637
     0.450     4    42   1992.407
     0.530     4    43   1369.418
     0.600     4    44   1246.963
     0.610     4    45   1059.298
     0.550     5     1    417.734
     0.540     5     2    613.647
     0.570     5     3    520.636
     0.540     5     4    940.656
     0.540     5     5    695.917
     0.530     5     6    302.284
     0.490     5     7    604.768
     0.530     5     8   1098.815
     0.530     5     9   1085.091
     0.600     5    10    436.540
     0.550     5    11    384.682
     0.570     5    12    717.187
     0.530     5    13    396.167
     0.460     5    14    473.124
     0.600     5    15    293.456
     0.540     5    16    812.393
     0.650     5    17    568.693
     0.590     5    18    625.793
     0.650     5    19    596.397
     0.570     5    20    533.447
     0.610     5    21    592.035
     0.530     5    22    466.421
     0.590     5    23    609.729
     0.570     5    24    447.353
     0.530     5    25    598.035
     0.660     5    26    548.756
     0.550     5    27    522.331
     0.620     5    28    348.669
     0.690     5    29    753.071
     0.560     5    30    400.816
     0.550     5    31    925.239
     0.510     5    32    852.765
     0.490     5    33    553.493
     0.580     5    34    764.792
     0.510     5    35    350.827
     0.580     5    36    709.858
     0.570     5    37    636.896
     0.510     5    38    740.495
     0.610     5    39   1017.785
     0.460     5    40    547.395
     0.520     5    41   1149.856
     0.530     5    42    878.545
     0.570     5    43    816.485
     0.540     5    44    455.182
     0.690     5    45    714.196
     0.560     6     1   1683.984
     0.530     6     2   1389.850
     0.560     6     3   1300.789
     0.590     6     4   1087.508
     0.550     6     5   1262.525
     0.500     6     6   1674.518
     0.510     6     7   1014.518
     0.570     6     8   1789.529
     0.680     6     9   1702.425
     0.550     6    10   1543.062
     0.550     6    11   1133.139
     0.490     6    12   1469.151
     0.500     6    13   1650.981
     0.480     6    14   2516.978
     0.590     6    15   1958.507
     0.590     6    16   1462.683
     0.490     6    17   1412.479
     0.620     6    18   1693.606
     0.630     6    19   1051.714
     0.560     6    20   1232.383
     0.530     6    21   1119.857
     0.620     6    22   1731.491
     0.550     6    23   1068.498
     0.550     6    24   1166.931
     0.580     6    25   1514.343
     0.540     6    26   1513.173
     0.490     6    27   2213.963
     0.550     6    28   1369.055
     0.610     6    29   1748.916
     0.570     6    30   1488.768
     0.540     6    31   1224.645
     0.490     6    32   1684.687
     0.560     6    33   1428.077
     0.580     6    34   1430.409
     0.610     6    35   1548.518
     0.490     6    36   1395.196
     0.630     6    37   1379.772
     0.620     6    38   1617.625
     0.550     6    39   1454.071
     0.550     6    40   2171.156
     0.620     6    41   1761.968
     0.510     6    42   2058.981
     0.610     6    43   2066.729
     0.570     6    44   2022.725
     0.600     6    45   1011.555
     0.650     7     1    347.703
     0.650     7     2    603.595
     0.820     7     3    356.936
     0.520     7     4   1189.515
     0.620     7     5   1140.415
     0.600     7     6    659.499
     0.920     7     7    546.014
     0.660     7     8    408.511
     0.580     7     9   1186.432
     0.540     7    10    944.758
     0.540     7    11    577.015
     0.530     7    12   2481.932
     0.620     7    13   2182.725
     0.620     7    14    961.776
     0.640     7    15    785.823
     0.560     7    16    953.604
     0.530     7    17   2286.258
     0.490     7    18   1001.281
     0.520     7    19   2352.771
     0.530     7    20   1870.815
     0.530     7    21   1072.476
     0.560     7    22    909.717
     0.530     7    23   1966.239
     0.530     7    24   1931.529
     0.490     7    25   3774.604
     0.540     7    26   3171.673
     0.510     7    27   1279.382
     0.480     7    28    804.533
     0.530     7    29   1444.131
     0.500     7    30   3426.119
     0.600     7    31   2249.023
     0.590     7    32   4445.085
     0.460     7    33   4002.810
     0.470     7    34   4619.993
     0.600     7    35   2097.215
     0.450     7    36   3324.274
     0.450     7    37   3321.403
     0.440     7    38   4883.970
     0.630     7    39    606.014
     0.510     7    40   1054.014
     0.530     7    41   2970.919
     0.660     7    42   3743.487
     0.480     7    43   2067.956
     0.520     7    44   3763.952
     0.470     7    45   5228.999
     0.400     8     1   1837.886
     0.440     8     2    443.079
     0.430     8     3   1865.526
     0.410     8     4   1286.993
     0.480     8     5   3055.679
     0.470     8     6   2726.495
     0.420     8     7   1178.205
     0.540     8     8   1149.431
     0.380     8     9    864.606
     0.440     8    10   1845.645
     0.430     8    11    612.731
     0.520     8    12   2177.873
     0.520     8    13   2255.623
     0.470     8    14   1808.291
     0.460     8    15    745.145
     0.510     8    16   2008.986
     0.540     8    17   2168.816
     0.540     8    18   1664.925
     0.500     8    19   1283.900
     0.510     8    20   3066.244
     0.500     8    21   2238.216
     0.490     8    22   1195.584
     0.400     8    23   1173.167
     0.450     8    24    887.397
     0.550     8    25   2101.680
     0.440     8    26   2763.940
     0.630     8    27   2398.008
     0.380     8    28    480.045
     0.440     8    29   1999.632
     0.460     8    30   2254.180
     0.400     8    31   3216.722
     0.510     8    32   2605.887
     0.380     8    33   1273.466
     0.470     8    34   1713.681
     0.610     8    35   1467.269
     0.570     8    36   4842.678
     0.460     8    37   1955.541
     0.520     8    38   3178.579
     0.570     8    39   3194.500
     0.370     8    40   1493.920
     0.430     8    41   2470.267
     0.430     8    42   2684.116
     0.470     8    43   1414.518
     0.590     8    44   1521.067
     0.510     8    45   1390.447
     0.600     9     1   1238.621
     0.540     9     2   1294.361
     0.580     9     3    952.909
     0.550     9     4   1031.208
     0.550     9     5   1798.229
     0.570     9     6   1269.222
     0.540     9     7    959.026
     0.500     9     8   1632.774
     0.690     9     9   1231.077
     0.520     9    10    939.887
     0.540     9    11    539.578
     0.550     9    12    507.157
     0.530     9    13    755.153
     0.470     9    14    589.385
     0.550     9    15    611.503
     0.450     9    16   1299.244
     0.540     9    17    750.099
     0.500     9    18    777.969
     0.500     9    19    839.855
     0.530     9    20   1061.758
     0.480     9    21   1137.656
     0.480     9    22    861.746
     0.520     9    23   1504.420
     0.590     9    24   1100.371
     0.480     9    25    615.948
     0.550     9    26    987.219
     0.510     9    27    893.717
     0.560     9    28    578.822
     0.440     9    29   1480.626
     0.720     9    30    961.801
     0.540     9    31    781.627
     0.500     9    32    608.560
     0.500     9    33    720.294
     0.520     9    34   1230.735
     0.700     9    35    946.895
     0.530     9    36    741.416
     0.570     9    37    809.952
     0.450     9    38   1277.938
     0.530     9    39    760.211
     0.510     9    40    770.118
     0.450     9    41   1167.997
     0.510     9    42    813.604
     0.550     9    43   1677.770
     0.570     9    44    806.392
     0.510     9    45   1669.365
     0.550    10     1    300.019
     0.440    10     2    725.550
     0.490    10     3    612.964
     0.510    10     4    737.728
     0.510    10     5    794.156
     0.460    10     6    666.042
     0.520    10     7    688.821
     0.460    10     8    613.850
     0.520    10     9    512.352
     0.550    10    10    790.167
     0.540    10    11    953.951
     0.560    10    12    688.457
     0.490    10    13    999.639
     0.490    10    14    801.436
     0.610    10    15    965.587
     0.620    10    16    569.813
     0.580    10    17    520.130
     0.580    10    18    278.263
     0.470    10    19    463.334
     0.610    10    20    324.202
     0.460    10    21    499.287
     0.530    10    22    473.980
     0.540    10    23    523.917
     0.470    10    24    578.374
     0.600    10    25    536.899
     0.570    10    26    666.684
     0.670    10    27    607.948
     0.610    10    28    746.188
     0.560    10    29    588.864
     0.500    10    30    660.323
     0.510    10    31    221.081
     0.560    10    32    533.471
     0.640    10    33    539.338
     0.550    10    34    466.297
     0.550    10    35    438.409
     0.580    10    36    608.407
     0.580    10    37   1173.228
     0.530    10    38    579.505
     0.530    10    39   1166.550
     0.500    10    40    189.615
     0.580    10    41    822.770
     0.700    10    42    783.589
     0.590    10    43    840.653
     0.600    10    44   1605.801
     0.570    10    45    268.096
