Building time 2.700000

   Time       cl    pb      cost
    12.620     1     1   1113.096
    15.730     1     2   1100.204
    12.170     1     3   1226.789
    11.830     1     4   1227.718
    12.800     1     5   1152.548
    14.080     1     6   1546.990
    12.010     1     7   1367.748
    12.380     1     8   1337.629
    13.200     1     9   1359.022
    14.360     1    10   1282.771
    13.320     1    11   1391.567
    13.170     1    12   1230.598
    11.590     1    13   1085.120
    12.700     1    14   1504.329
    12.510     1    15   1482.375
    13.620     1    16   1501.100
    11.480     1    17   1405.385
    12.180     1    18   1149.119
    12.740     1    19   1185.265
    14.120     1    20   1289.870
    14.640     1    21   1643.925
    12.250     1    22   1372.941
    13.490     1    23   1322.944
    13.040     1    24   1481.586
    13.430     1    25   1227.204
    12.560     1    26   1236.525
    12.560     1    27   1491.537
    12.020     1    28   1147.828
    11.950     1    29   1101.088
    12.880     1    30   1295.928
    12.830     1    31   1154.349
    12.640     1    32   1262.430
    12.070     1    33   1311.615
    12.160     1    34   1348.933
    11.900     1    35   1133.858
    10.940     1    36   1188.834
    11.830     1    37   1158.103
    11.240     1    38   1234.894
    13.320     1    39   1237.866
    12.080     1    40   1211.309
    12.020     1    41   1386.310
    12.570     1    42   1136.214
    12.570     1    43   1125.508
    12.390     1    44   1182.780
    12.020     1    45   1304.867
    11.930     2     1   1902.611
    12.660     2     2   2725.098
    12.380     2     3   2975.181
    11.940     2     4   1910.088
    12.460     2     5   2059.793
    11.610     2     6   2913.551
    13.460     2     7   1791.263
    10.420     2     8   1722.887
    14.040     2     9   1833.638
    12.650     2    10   2270.131
    12.370     2    11   2674.660
    11.820     2    12   2360.499
    11.520     2    13   2491.811
    12.280     2    14   2159.475
    12.750     2    15   2642.691
    11.780     2    16   1897.652
    11.220     2    17   2451.275
    12.400     2    18   2372.704
    12.270     2    19   2886.703
    11.920     2    20   3003.795
    12.700     2    21   1941.312
    10.870     2    22   3030.688
    13.160     2    23   2653.881
    13.030     2    24   2520.544
    12.170     2    25   2884.244
    14.600     2    26   2951.087
    10.500     2    27   2193.892
    12.000     2    28   2973.935
    12.080     2    29   2673.694
    11.650     2    30   2603.659
    12.070     2    31   1835.898
    10.390     2    32   3290.515
    12.400     2    33   2073.671
    13.190     2    34   1114.827
    11.350     2    35   1603.030
    13.440     2    36   3884.247
    12.690     2    37   2384.561
    14.040     2    38   1343.959
    12.500     2    39   1432.027
    12.110     2    40   2820.833
    12.570     2    41   2863.460
    12.160     2    42   2688.298
    13.050     2    43   1920.988
    12.550     2    44   1820.065
    11.530     2    45   1613.905
    12.050     3     1   7021.616
    13.570     3     2   4696.099
    11.200     3     3   6441.680
    12.090     3     4   7990.150
    10.890     3     5   9677.619
    10.950     3     6   7340.424
    14.010     3     7   9061.784
    12.060     3     8   7258.734
    10.810     3     9   8239.262
    13.130     3    10   5912.008
    11.090     3    11  10348.861
    11.420     3    12   8657.431
    12.580     3    13   9698.651
    11.710     3    14   7977.730
    11.430     3    15   8050.044
    12.610     3    16   9371.434
    11.600     3    17  12490.654
    12.610     3    18   7742.454
    13.980     3    19   5019.103
    12.770     3    20   6538.382
    12.350     3    21   5656.988
    12.310     3    22   4950.775
    12.610     3    23   6589.624
     9.810     3    24   9356.594
    11.990     3    25  10354.692
    12.780     3    26  10477.935
    10.920     3    27   7799.190
    11.570     3    28  10876.621
    11.850     3    29   6236.227
    14.050     3    30   5782.087
    14.390     3    31   3599.751
    13.540     3    32   5929.362
    16.720     3    33   6537.093
    11.860     3    34   6552.076
    18.230     3    35  10487.940
    11.050     3    36   6313.948
    10.600     3    37   6085.285
    12.000     3    38   6015.820
    11.180     3    39   8382.676
    11.210     3    40   6949.358
    10.690     3    41   4547.062
    16.920     3    42   7410.068
    12.320     3    43   9381.114
    10.970     3    44  13083.775
    11.370     3    45   5348.955
    13.700     4     1  18322.132
    16.720     4     2   7114.710
    13.160     4     3  18360.327
    11.000     4     4  18599.946
    17.040     4     5   7353.768
    12.790     4     6   9283.131
    12.070     4     7  10828.752
    13.060     4     8   7809.411
    11.790     4     9  12702.313
    11.970     4    10  16750.511
    14.380     4    11  12084.418
    11.900     4    12  16112.970
    10.950     4    13  17783.302
    12.200     4    14  21830.987
    10.490     4    15  18148.243
    14.470     4    16  15997.717
    10.860     4    17  12980.100
    11.110     4    18  16419.301
    12.860     4    19  17767.315
    13.060     4    20   9329.989
    10.500     4    21  11875.053
    12.590     4    22   7412.812
    11.770     4    23   4945.686
    10.520     4    24  10050.999
     9.390     4    25  12426.216
    12.140     4    26  17213.207
     9.650     4    27  21405.001
    14.190     4    28  17968.302
    12.460     4    29  16519.219
    12.630     4    30  12684.705
    12.230     4    31  15238.108
    12.840     4    32  12341.610
    11.690     4    33  18145.272
    10.900     4    34  18968.432
    19.910     4    35   7750.232
    14.580     4    36   7860.981
    11.690     4    37   8507.378
    10.570     4    38   8406.411
    11.560     4    39   9261.275
    12.340     4    40  11659.220
    12.530     4    41  13201.589
    20.010     4    42   7125.017
    10.890     4    43   7490.349
    12.820     4    44   7678.798
    12.220     4    45  10984.560
    13.400     5     1   3847.911
    11.680     5     2   4055.217
    10.340     5     3   5075.265
    12.200     5     4   4105.387
    11.550     5     5   4269.922
    17.450     5     6   2543.158
    13.030     5     7   2383.131
    12.590     5     8   3994.063
    12.400     5     9   3742.027
    11.230     5    10   4769.459
    10.590     5    11   6960.278
    11.700     5    12   5609.757
    12.050     5    13   5570.989
    11.540     5    14   3237.041
    12.360     5    15   4906.030
    11.370     5    16   4042.983
    12.810     5    17   5167.357
    11.490     5    18   4207.829
    12.310     5    19   2780.850
    11.790     5    20   1627.548
    13.110     5    21   2218.684
    12.400     5    22   2694.759
    13.670     5    23   3077.570
    11.910     5    24   2142.343
    12.870     5    25   2861.433
    12.080     5    26   3238.986
    13.200     5    27   4434.254
    11.160     5    28   3231.771
    11.880     5    29   5196.940
    11.510     5    30   4953.616
    12.910     5    31   2052.159
    14.740     5    32   3104.175
    15.240     5    33   2370.274
    11.400     5    34   4241.673
    13.290     5    35   3190.471
    13.250     5    36   2510.139
    12.630     5    37   2255.970
    13.570     5    38   3387.304
    14.100     5    39   2302.411
    12.450     5    40   2691.193
    16.520     5    41   2658.314
    12.470     5    42   2883.616
    11.980     5    43   3898.895
    13.180     5    44   2969.949
    12.710     5    45   4327.908
    13.740     6     1   5525.203
    14.620     6     2  13299.466
    12.310     6     3  16614.370
    13.280     6     4   7208.329
    12.640     6     5   6852.083
    13.680     6     6  18671.370
    13.780     6     7   9377.726
    16.210     6     8   9719.287
    14.240     6     9  14725.484
    14.550     6    10   9681.891
    13.970     6    11   9857.816
    14.690     6    12   6855.278
    14.790     6    13   6062.435
    14.840     6    14  12233.474
    13.170     6    15   7926.105
    16.460     6    16   7734.301
    15.780     6    17   9273.441
    14.070     6    18   9487.696
    18.220     6    19  12082.375
    14.680     6    20  11468.022
    17.940     6    21   8624.000
    13.410     6    22  15050.075
    14.840     6    23   7053.445
    13.420     6    24   5450.346
    13.220     6    25  11919.503
    13.180     6    26  12684.928
    14.060     6    27   9997.586
    13.450     6    28  10223.306
    13.840     6    29   7669.933
    13.160     6    30   6614.883
    16.970     6    31   7354.124
    13.390     6    32  14911.406
    16.250     6    33   8031.162
    18.070     6    34   8160.717
    14.830     6    35  10545.036
    15.700     6    36  14995.871
    13.500     6    37   8571.173
    15.450     6    38   9576.574
    13.370     6    39  10517.357
    13.620     6    40  16701.511
    14.810     6    41  10068.760
    13.390     6    42   7993.661
    12.590     6    43  10563.908
    14.760     6    44  11674.449
    14.320     6    45   5807.329
    15.620     7     1   4982.125
    17.800     7     2   2245.812
    16.390     7     3   3953.573
    18.460     7     4   3779.781
    12.750     7     5   5287.598
    18.410     7     6   3740.671
    14.800     7     7   4739.054
    18.420     7     8   4181.948
    18.080     7     9   4084.272
    13.960     7    10   9769.174
    11.620     7    11   9341.765
    15.720     7    12   6104.431
    11.890     7    13   7677.690
    13.540     7    14   8690.433
    12.470     7    15   5562.663
    15.110     7    16  11553.264
    15.700     7    17   9804.203
    14.230     7    18   9649.638
    12.660     7    19   9712.053
    12.130     7    20  14883.758
    17.560     7    21   4409.167
    14.630     7    22  13690.347
    11.580     7    23  10140.666
    14.860     7    24   6518.520
    14.750     7    25  15896.713
    11.700     7    26  11815.854
    10.890     7    27  10077.951
    12.680     7    28  17647.151
    11.830     7    29  17159.700
    11.410     7    30  12140.630
    11.020     7    31  14106.892
    10.700     7    32  14439.950
    10.140     7    33  12351.898
    11.330     7    34  24411.939
    12.200     7    35  21305.838
     9.320     7    36  19468.344
     8.450     7    37  16690.062
     9.870     7    38  30084.081
     8.670     7    39  25070.695
    11.540     7    40  23324.952
    10.860     7    41  15011.577
    10.430     7    42   7254.352
     8.880     7    43  30623.209
    11.140     7    44  24063.458
     8.580     7    45  15632.335
     8.630     8     1  12805.000
    16.370     8     2   3272.000
    10.400     8     3  11656.562
    10.240     8     4   9469.230
    10.170     8     5  21856.000
     7.980     8     6  20249.348
    15.490     8     7   7653.188
    23.410     8     8   7468.000
    10.480     8     9   5439.000
     9.540     8    10  12860.000
    11.560     8    11   4783.828
    10.010     8    12  16388.317
     7.880     8    13  17770.000
     9.230     8    14  12712.063
     8.650     8    15   5435.680
    11.970     8    16  13286.125
     9.610     8    17  14282.778
    12.640     8    18  10898.375
    11.500     8    19   9735.366
    11.200     8    20  21940.000
    10.100     8    21  16547.290
    11.100     8    22   7905.344
    14.180     8    23   8332.000
    12.090     8    24   5822.889
     8.120     8    25  15003.972
     7.020     8    26  21949.790
    10.230     8    27  17911.256
     9.570     8    28   3368.991
    10.950     8    29  13928.083
    15.990     8    30  13703.263
    12.070     8    31  22020.801
    10.410     8    32  17851.640
    11.650     8    33   9121.640
    13.530     8    34  12273.114
    12.940     8    35   9650.590
     7.460     8    36  37704.972
     9.010     8    37  15087.344
    11.440     8    38  22051.000
    10.330     8    39  21933.111
     9.050     8    40  10785.161
     9.590     8    41  17800.656
     8.700     8    42  19454.789
    12.080     8    43   9645.688
    10.920     8    44   9213.056
    12.950     8    45   9550.222
    11.600     9     1   6593.039
    15.300     9     2   7350.470
    12.300     9     3   5675.017
    12.360     9     4   6257.655
    11.650     9     5   9959.670
    12.370     9     6   8044.014
    11.620     9     7   6950.135
     9.310     9     8  11150.320
    12.520     9     9   8792.006
    13.860     9    10   6482.306
    13.150     9    11   3629.943
    12.150     9    12   3529.450
    10.490     9    13   5379.796
    11.820     9    14   4061.016
    11.290     9    15   4236.581
     8.440     9    16   8906.620
    12.650     9    17   5372.472
    13.080     9    18   5336.053
    12.930     9    19   6189.821
    12.260     9    20   6912.027
    13.150     9    21   8124.093
    12.370     9    22   6149.309
    11.020     9    23  10556.995
    14.040     9    24   7876.819
    13.070     9    25   4400.321
    12.110     9    26   6915.958
    13.610     9    27   6167.286
    12.600     9    28   4083.664
    11.170     9    29  10384.310
    12.820     9    30   6967.025
    10.020     9    31   5538.461
    14.360     9    32   4280.319
    12.950     9    33   4997.849
     8.320     9    34   8766.093
    13.460     9    35   6778.005
    11.060     9    36   5272.652
    12.020     9    37   5457.059
     9.700     9    38   7345.813
    12.500     9    39   5370.970
    12.440     9    40   5555.110
    10.480     9    41   7926.182
    12.860     9    42   5815.719
     8.800     9    43  11548.087
    16.020     9    44   5649.277
    12.640     9    45  11515.566
    12.060    10     1    421.982
    11.590    10     2    656.955
    13.440    10     3    658.280
     8.260    10     4   1322.044
     9.790    10     5   1200.214
    12.180    10     6    622.633
    13.390    10     7    742.359
     9.670    10     8   1801.693
    11.420    10     9   1458.312
    12.320    10    10    572.785
    13.120    10    11   1302.820
    11.310    10    12   1033.051
    12.110    10    13   1455.009
    11.930    10    14   1189.761
    11.350    10    15   1376.640
     9.900    10    16   2014.057
    13.450    10    17   2705.620
    11.030    10    18    568.713
    10.760    10    19    747.619
    10.270    10    20   1112.917
    12.510    10    21    564.882
    14.080    10    22    615.943
    10.560    10    23   1498.729
    13.350    10    24   1111.339
    10.090    10    25    755.003
    10.630    10    26    951.588
    11.390    10    27   1528.772
    10.130    10    28   1934.802
    10.270    10    29   1612.363
    12.870    10    30   1912.428
    10.160    10    31    510.098
    10.660    10    32    957.008
    13.270    10    33    875.656
    11.250    10    34    742.036
    13.150    10    35    513.848
    11.650    10    36   1463.295
    10.790    10    37   1650.458
     9.860    10    38   1111.785
    11.820    10    39    715.325
    10.880    10    40    846.587
    10.280    10    41   1868.632
    12.380    10    42   2890.228
    17.040    10    43   1625.745
    11.160    10    44   3560.130
    12.330    10    45    548.753
