Time (ms)     cl  pb      cost
 213989.78    1    1   5440.479
 240343.25    1    2   5652.352
 183497.11    1    3   5074.121
 172146.53    1    4   5521.794
 169625.61    1    5   6086.446
 170872.14    1    6   5449.971
 259689.83    1    7   6604.517
 224129.14    1    8   5155.442
 193820.10    1    9   5284.419
 193864.27    1   10   6019.826
 162464.29    1   11   5975.752
 186585.71    1   12   6784.902
 175793.84    1   13   6944.453
 140419.31    1   14   6353.846
 258124.94    1   15   7023.042
 198070.50    1   16   5707.872
 224140.65    1   17   6030.968
 166543.26    1   18   6185.838
 157031.94    1   19   5964.673
 190959.12    1   20   5179.823
 167449.16    1   21   5748.428
 196149.20    1   22   5624.660
 164362.73    1   23   6071.714
 147417.30    1   24   5786.811
 181748.52    1   25   5646.053
 172336.43    1   26   6283.923
 188450.50    1   27   5407.048
 257111.04    1   28   6434.477
 204576.34    1   29   5245.603
 172455.46    1   30   5323.231
 166989.93    1   31   5684.287
 175169.99    1   32   5544.727
 232403.32    1   33   6165.309
 175659.02    1   34   5372.533
 167313.96    1   35   5743.219
 142144.31    1   36   5736.193
 226155.05    1   37   6014.379
 205405.56    1   38   6443.492
 157589.24    1   39   6021.274
 245224.04    1   40   5962.234
 199747.32    1   41   5719.178
 190206.14    1   42   5473.290
 208423.36    1   43   6219.298
 189775.33    1   44   5902.373
 176010.01    1   45   5111.619
 550130.57    2    1  13195.225
 661762.70    2    2  20284.967
 354863.48    2    3  23299.713
 264358.76    2    4  21651.403
 357684.25    2    5  18521.819
 766934.49    2    6  22348.152
 522476.19    2    7  18954.533
 657881.43    2    8  15769.724
 780195.97    2    9  28297.682
 438082.40    2   10  24264.429
 404982.58    2   11  28405.680
 222397.18    2   12  26968.968
 412507.72    2   13  20779.141
 368757.60    2   14  27625.043
 472066.25    2   15  19851.374
 378469.77    2   16  17597.317
 902361.00    2   17  33908.656
 290930.00    2   18  12829.944
 339656.84    2   19  12217.634
 417636.85    2   20  14420.061
 281629.03    2   21  12413.397
 612720.22    2   22  21434.232
 471089.45    2   23  18047.516
 495559.19    2   24  21119.938
 476486.32    2   25  14443.742
 272325.17    2   26  19284.616
 372096.73    2   27  15945.082
 448384.90    2   28  26070.186
 568665.61    2   29  22673.994
 730451.47    2   30  21375.447
 316548.95    2   31  17417.775
 229850.95    2   32  15192.739
 220580.14    2   33  23255.370
 230789.76    2   34  21365.337
 600270.98    2   35  22980.339
 226504.63    2   36  15086.217
 558953.36    2   37  20138.471
 265776.21    2   38  15031.159
 362559.10    2   39  21541.943
 668449.51    2   40  19842.698
 323403.08    2   41  21205.662
 408600.43    2   42  25296.298
 432999.27    2   43  19462.329
 477877.62    2   44  30954.809
 471069.63    2   45  23062.816
 629772.77    3    1  57649.055
 348966.02    3    2  95849.726
 467436.61    3    3  74452.077
 164012.96    3    4  75508.116
 156567.87    3    5  94679.734
 969919.29    3    6  28628.511
 499421.96    3    7  55129.872
 262861.13    3    8  62812.145
 205571.34    3    9  65958.305
 575613.42    3   10  43075.536
1278821.41    3   11  42360.080
 385241.61    3   12  33307.666
 401085.90    3   13  65856.377
 358473.23    3   14  46280.786
 238141.32    3   15  56175.103
 337053.47    3   16  62849.141
 424728.92    3   17  25703.705
1164123.87    3   18  57622.040
1118753.16    3   19  47138.425
 197873.51    3   20  62295.161
 326579.64    3   21  75965.486
 499124.82    3   22  52444.929
 550381.59    3   23  59407.021
 501473.82    3   24  60290.268
 756349.78    3   25  55855.345
 360373.72    3   26  62488.616
1957786.41    3   27  57410.456
1839446.28    3   28  47103.869
 967863.67    3   29  56476.267
 851672.27    3   30  46706.314
 615009.94    3   31  71154.969
 224079.50    3   32  62095.052
 788730.06    3   33  55039.982
 445115.72    3   34  63564.244
 553991.04    3   35  48288.378
 238896.64    3   36  85092.939
1013323.13    3   37  45321.320
 961566.57    3   38  41990.842
 186474.47    3   39  84442.224
 552043.40    3   40  45503.820
 262361.64    3   41  57871.539
 845711.09    3   42  50545.722
 611535.46    3   43  29911.386
 426429.35    3   44  59248.538
 480142.38    3   45  71792.570
 428349.09    4    1 132625.388
 135131.69    4    2 136628.963
 141218.92    4    3 165196.625
 387370.45    4    4 104614.530
 145326.82    4    5 186276.351
 143473.60    4    6 147734.521
 621410.41    4    7  93175.416
1829791.17    4    8 123566.966
 766015.35    4    9 128425.305
 430632.82    4   10 103251.933
1628354.20    4   11  77617.156
 520756.91    4   12  73545.762
 448628.70    4   13 113866.845
1272846.36    4   14  58826.294
 403564.39    4   15  68210.743
 739258.03    4   16  74776.584
1029379.77    4   17  36958.126
 155154.66    4   18 203726.268
 576632.39    4   19  53388.394
 842191.04    4   20  93489.269
1933852.55    4   21 146061.649
 138038.33    4   22 123005.484
 359993.27    4   23 109930.351
 607569.99    4   24 123455.395
 277012.24    4   25 105854.396
 147001.21    4   26 130051.873
 414859.12    4   27  82650.685
 158216.04    4   28 126372.182
 932547.07    4   29 120706.861
 568919.54    4   30  82497.721
 348468.62    4   31  91608.246
 679669.03    4   32  73366.196
 240348.97    4   33  59426.956
1022834.44    4   34  88135.411
 614296.09    4   35  76926.833
 299574.37    4   36  94800.224
 117558.22    4   37 138520.107
 568612.26    4   38 149114.749
 421020.24    4   39 132734.643
 117624.26    4   40 103200.850
 879833.11    4   41 107911.797
 634063.79    4   42  69588.176
1412607.92    4   43  72470.757
1576930.84    4   44  65828.847
 587066.81    4   45  65798.982
 141502.17    5    1  28618.588
 293703.55    5    2  31644.021
 182784.22    5    3  30552.803
 335018.03    5    4  33852.562
 907470.01    5    5  20357.419
 168801.20    5    6  37409.632
 181103.67    5    7  17203.547
 920256.79    5    8  13716.126
1453788.64    5    9  27102.070
 171935.12    5   10  44117.549
 730609.34    5   11  39232.391
 220132.27    5   12  42785.365
 144416.34    5   13  34658.314
 849946.18    5   14  24504.975
 411177.28    5   15  23218.070
 176771.82    5   16  13662.200
 139988.56    5   17  40632.342
 305131.21    5   18  25334.122
 267734.31    5   19  23712.299
 832521.90    5   20  26201.885
 213817.99    5   21  58308.488
 263701.38    5   22  36951.059
 299988.03    5   23  26037.237
 221007.14    5   24  31202.959
1648521.59    5   25  21233.979
 424147.28    5   26  31379.000
2180706.97    5   27  17009.903
2119050.29    5   28  27925.808
 646701.09    5   29  29719.395
 155940.57    5   30  50699.131
 929755.29    5   31  33687.330
 426259.72    5   32  46765.403
 344001.72    5   33  31659.152
 203176.90    5   34  25864.546
 140680.36    5   35  37751.068
 132390.45    5   36  46376.146
 570651.87    5   37  29741.730
 132413.58    5   38  17533.527
 515192.64    5   39  21401.634
 369219.49    5   40  21339.762
 133524.84    5   41  16716.726
 158226.82    5   42  42908.929
1069117.65    5   43  11534.269
 317514.29    5   44  34457.851
 152116.04    5   45  26018.344
 330962.61    6    1 119602.467
1714594.46    6    2  59089.339
 349041.62    6    3  82442.996
 554278.22    6    4  51077.839
 822029.13    6    5  69677.990
 464303.78    6    6  98618.344
 303201.77    6    7 137575.160
 603149.31    6    8  94267.854
2007378.10    6    9 104642.005
 724814.63    6   10 114076.720
 584599.90    6   11  97814.742
 405689.44    6   12 118467.247
1066785.73    6   13 117871.570
 388539.66    6   14 104247.346
 582849.35    6   15 122170.411
 504972.57    6   16 141270.560
 476172.64    6   17 106818.991
 602347.71    6   18  81468.508
1057105.31    6   19  74834.188
 530845.85    6   20  68158.981
 461339.60    6   21  70895.160
 234338.06    6   22 134148.021
 445517.80    6   23  94783.898
 682311.29    6   24  81337.175
 724064.61    6   25  89755.631
1085408.80    6   26  88815.179
1297559.53    6   27  85108.953
 934370.96    6   28 114557.230
 870288.11    6   29  93324.032
 906548.07    6   30 108126.195
 744417.08    6   31  79756.539
 607648.49    6   32 109642.494
 276896.69    6   33 177047.886
 489946.91    6   34 112523.839
1051253.23    6   35 125451.956
 563628.31    6   36  91047.925
 252028.37    6   37 142658.469
 722693.23    6   38  92876.639
 628601.16    6   39  86497.229
 488120.04    6   40  80445.791
2025377.73    6   41  95477.687
 929662.00    6   42  54786.252
 266655.75    6   43 115969.874
 238561.35    6   44  95315.881
 761868.33    6   45  85403.199
 460571.20    7    1  27518.612
 313012.01    7    2  69474.482
 176564.75    7    3  59960.995
 283391.52    7    4  50381.891
 344515.58    7    5  76417.007
 484002.17    7    6  62385.065
 351324.01    7    7  50271.987
 147080.49    7    8  71252.070
 309292.08    7    9  58033.371
 136843.92    7   10 114979.375
 122014.53    7   11  99368.026
 476903.78    7   12  83076.830
 130038.00    7   13 131906.643
 129424.27    7   14 102455.042
 173115.99    7   15  81123.986
 127220.69    7   16 125489.242
 129394.22    7   17 113571.355
 553768.75    7   18  53370.235
 305423.34    7   19  97162.545
 486873.73    7   20  50599.495
 756199.67    7   21  43807.896
 361027.66    7   22  77482.632
 872818.80    7   23  74861.311
 171637.97    7   24 132976.437
 346812.14    7   25  86015.809
 358747.30    7   26  75791.845
 361394.30    7   27  45555.078
 239681.07    7   28  67318.979
 280912.60    7   29  66923.191
 116564.60    7   30 161444.891
 120657.01    7   31 132930.439
1282551.36    7   32  86562.775
2053546.30    7   33  47204.785
 152742.28    7   34 115240.840
 129422.51    7   35 206757.337
 123373.23    7   36  69752.410
 119631.81    7   37 131144.122
 574169.39    7   38  64588.668
 130518.69    7   39 230247.882
 138982.64    7   40  73571.395
 145838.52    7   41  76163.510
 115754.29    7   42 221075.913
 115625.75    7   43 133697.000
 118064.47    7   44 205060.000
 114291.80    7   45 275614.564
 177568.76    8    1 117538.756
 124557.01    8    2  26075.410
1605558.95    8    3 119746.240
 316620.98    8    4  81229.732
 121340.29    8    5 195400.520
 711778.20    8    6 169888.952
 406791.31    8    7  74716.099
 133012.15    8    8  72460.527
 207492.87    8    9  50812.561
 185379.70    8   10 117937.858
 160956.50    8   11  38391.285
1052860.84    8   12 139191.971
 416002.83    8   13 144152.226
 901936.04    8   14 112473.313
 292443.46    8   15  47934.326
 347180.80    8   16 128208.813
 697590.43    8   17 134022.246
 286354.58    8   18 107030.702
 252809.56    8   19  82691.012
 151592.60    8   20 196006.693
 393237.14    8   21 138621.719
 333653.77    8   22  75569.965
 177519.84    8   23  74422.230
 282975.29    8   24  51540.899
1030659.44    8   25 132589.390
 102263.54    8   26 176970.007
 408982.42    8   27 147155.874
 216974.01    8   28  30770.682
 423435.18    8   29 128230.088
 208493.24    8   30 140778.650
 109411.41    8   31 205706.188
1706121.31    8   32 160341.431
2327554.98    8   33  80168.182
 406810.40    8   34 109709.156
 303948.92    8   35  87461.862
 134144.10    8   36 304788.907
 557501.14    8   37 124273.855
 280272.10    8   38 202870.820
 368669.31    8   39 201436.294
 899554.38    8   40  91551.686
 847896.72    8   41 153197.031
 698460.83    8   42 166109.633
 414755.53    8   43  88943.435
 490912.08    8   44  92527.470
 299997.56    8   45  85553.964
1937358.47    9    1  58341.612
 807723.97    9    2  67204.437
 999568.02    9    3  48004.556
 925919.39    9    4  54029.523
1340033.14    9    5  84566.991
1361190.25    9    6  66101.186
 806332.04    9    7  54844.731
 208209.73    9    8  92011.556
1181976.10    9    9  75952.899
 811698.97    9   10  55992.747
 438460.87    9   11  31322.005
 366902.71    9   12  29596.413
 332901.94    9   13  44406.476
 657641.06    9   14  35636.844
 699077.73    9   15  37686.744
 124785.07    9   16  73708.119
 218947.34    9   17  46571.372
 782934.49    9   18  46266.299
1062859.09    9   19  48835.619
 567387.08    9   20  63144.591
 451680.87    9   21  67985.912
1617575.45    9   22  53076.434
 225280.51    9   23  85458.478
 407158.35    9   24  67967.457
 579683.61    9   25  36001.804
 366354.55    9   26  57094.528
1006449.02    9   27  53926.437
 468642.44    9   28  35670.632
 220518.68    9   29  84112.126
 897227.47    9   30  59411.025
 610054.02    9   31  45271.580
 683492.43    9   32  35692.065
 390555.08    9   33  44150.684
 211409.46    9   34  70066.240
 723002.15    9   35  58458.277
1006178.23    9   36  44495.025
 437959.73    9   37  49773.476
 123638.58    9   38  72476.087
 285671.75    9   39  47246.124
 233855.52    9   40  47524.848
 191026.12    9   41  66274.104
 536352.04    9   42  50466.210
 122335.75    9   43  95028.834
1085960.78    9   44  50040.045
 509815.72    9   45 103181.480
 197406.57   10    1   3483.243
 282311.32   10    2   8559.562
 449234.17   10    3   7259.217
 304640.31   10    4  14976.745
 382014.38   10    5  12609.590
 183696.50   10    6  17185.336
 316764.13   10    7  16362.621
 128821.97   10    8   9740.164
 161465.41   10    9  11252.738
 286876.31   10   10  15981.786
 218452.24   10   11  18291.530
 241068.11   10   12  21056.906
 678253.51   10   13  30400.191
 326604.38   10   14  20468.269
 185688.07   10   15  37541.876
 133584.24   10   16   8063.676
 222348.57   10   17  14942.198
 349534.58   10   18   4101.647
 256032.15   10   19  21357.090
 389350.68   10   20  24008.556
 149952.72   10   21  20216.406
 275331.02   10   22  28288.577
 120493.65   10   23  10399.747
 329688.64   10   24  24406.704
 345064.95   10   25  20080.553
 402544.72   10   26  36815.198
 192699.72   10   27  19898.826
 268186.97   10   28  38313.977
 153985.70   10   29  10114.455
 431235.60   10   30  23052.253
 269095.46   10   31   4371.330
 111273.60   10   32  21587.140
 233397.62   10   33  24019.745
 137678.20   10   34  13993.528
 263377.48   10   35  22902.645
 179761.85   10   36  19130.218
 233464.73   10   37  37246.932
 150798.94   10   38  12762.795
 438355.47   10   39  24829.326
 229015.20   10   40   3162.795
 228423.82   10   41  12939.428
 416961.37   10   42  20880.807
 187206.30   10   43  12134.419
 375754.16   10   44  27646.544
 505850.45   10   45   4084.733
