Time (ms)     cl  pb      cost
 187733.06    1    1   6461.782
 229925.73    1    2   6726.963
 190692.18    1    3   6027.382
 186344.51    1    4   6675.781
 186136.61    1    5   7163.107
 208088.06    1    6   6564.195
 255516.92    1    7   7795.986
 242568.60    1    8   6114.006
 181331.85    1    9   6299.527
 215154.52    1   10   7335.587
 201108.85    1   11   7038.298
 219717.02    1   12   8206.766
 181940.97    1   13   8342.438
 180459.71    1   14   7602.844
 231700.78    1   15   8663.247
 211074.11    1   16   6856.271
 178986.49    1   17   7292.689
 180615.00    1   18   7378.732
 155069.56    1   19   7132.985
 237198.98    1   20   6166.491
 191036.35    1   21   6860.448
 204167.78    1   22   6659.340
 191380.76    1   23   7126.038
 224129.46    1   24   6835.817
 245415.99    1   25   6761.793
 224267.89    1   26   7459.470
 158790.44    1   27   6452.142
 358231.93    1   28   7574.197
 227981.23    1   29   6260.512
 227289.20    1   30   6328.277
 173552.62    1   31   6754.105
 202518.99    1   32   6681.534
 282204.53    1   33   7325.155
 234381.14    1   34   6487.770
 252117.91    1   35   6915.678
 227599.25    1   36   6792.109
 277165.21    1   37   7079.417
 207860.55    1   38   7557.362
 216116.30    1   39   7109.116
 329153.71    1   40   7159.155
 247106.72    1   41   6737.575
 185745.29    1   42   6437.073
 246146.98    1   43   7315.046
 276510.76    1   44   6993.160
 183127.59    1   45   6059.872
 245097.21    2    1  16341.473
 305375.16    2    2  24457.567
 142374.09    2    3  30162.674
 126377.73    2    4  28727.818
 247974.98    2    5  22338.692
 208359.03    2    6  25925.321
 160051.22    2    7  22989.727
 325817.70    2    8  19569.106
 241159.12    2    9  32651.005
 371557.37    2   10  30494.521
 168820.65    2   11  37156.261
 116497.68    2   12  36779.650
 226686.76    2   13  24884.931
 157563.09    2   14  34336.554
 247003.54    2   15  23974.269
 187416.04    2   16  21084.753
 160309.61    2   17  41608.556
 180292.54    2   18  15677.849
 301016.81    2   19  14805.082
 197499.30    2   20  17924.103
 186994.35    2   21  15290.577
 134239.89    2   22  24643.333
 213239.55    2   23  21440.815
 182907.12    2   24  26299.301
 214544.48    2   25  17271.713
 173341.67    2   26  24477.644
 283300.23    2   27  19144.280
 135720.26    2   28  30779.180
 176109.29    2   29  27247.861
 244317.91    2   30  26754.604
 170445.77    2   31  22010.710
 218718.91    2   32  18612.430
 201300.39    2   33  26509.964
 211513.69    2   34  25621.225
 214102.53    2   35  27822.932
 261365.86    2   36  18218.309
 184757.42    2   37  26326.988
 349080.70    2   38  18344.050
 247098.53    2   39  27008.334
 216975.26    2   40  24119.440
 287655.18    2   41  23788.172
 219538.85    2   42  30629.230
 237919.83    2   43  24775.876
 251427.03    2   44  37781.695
 198781.86    2   45  28107.889
 126320.52    3    1  70091.776
 164895.44    3    2 117704.765
 213887.25    3    3  93815.113
 151183.69    3    4  90145.118
 124189.33    3    5 125631.306
 322207.73    3    6  34050.776
 128042.73    3    7  73257.554
 119743.52    3    8  82099.280
 128517.23    3    9  83616.913
 188622.66    3   10  52384.528
 158272.88    3   11  48691.126
 206158.33    3   12  37531.432
 139501.40    3   13  77618.272
 117903.41    3   14  57860.809
 129141.20    3   15  72892.355
 126696.53    3   16  81201.761
 208919.85    3   17  31755.135
 187682.35    3   18  74351.261
 136888.43    3   19  56948.615
 127465.90    3   20  70386.946
 145680.95    3   21  97385.069
 150732.13    3   22  64266.639
 231279.26    3   23  76909.167
 147372.54    3   24  77427.939
 161425.29    3   25  69489.251
 178029.74    3   26  69231.800
 247811.42    3   27  74821.643
 199273.31    3   28  53782.125
 177638.75    3   29  65423.759
 117918.92    3   30  55464.681
 142476.27    3   31  86816.064
 115059.87    3   32  74491.998
 130601.10    3   33  69533.681
 151737.53    3   34  80679.368
 147855.16    3   35  58110.747
 131362.97    3   36 106279.450
 163948.37    3   37  53497.911
 164409.32    3   38  52719.946
 211817.14    3   39  98194.577
 133444.10    3   40  56462.982
 181600.56    3   41  69308.541
 125260.00    3   42  67649.397
 190699.21    3   43  36580.221
 116125.73    3   44  74669.822
 123437.43    3   45  85776.184
 115149.61    4    1 165645.806
 110046.98    4    2 159152.679
 113411.72    4    3 230950.448
 116143.45    4    4 124864.064
 123819.26    4    5 225341.846
 127046.17    4    6 203732.890
 156399.63    4    7 119254.813
 137404.34    4    8 134458.097
 110494.79    4    9 162715.776
 130841.15    4   10 132369.853
 136610.81    4   11 104160.936
 156302.25    4   12  90513.051
 125147.50    4   13 139946.914
 147963.62    4   14  73230.447
 122082.26    4   15  84432.665
 288423.87    4   16  87763.088
 283966.14    4   17  43466.035
 122843.34    4   18 228716.933
 110899.68    4   19  63974.205
 108685.60    4   20 120023.182
 115899.71    4   21 161806.448
  94040.93    4   22 169548.629
 133346.89    4   23 146954.973
 117553.13    4   24 161560.537
 114746.34    4   25 122336.881
 108836.22    4   26 177684.322
 175152.52    4   27  98687.353
  99576.67    4   28 165169.162
 117491.15    4   29 130902.021
 126079.43    4   30 105751.348
 139451.38    4   31 111114.730
 122526.95    4   32  88577.386
 141370.86    4   33  72243.440
 194469.15    4   34 103957.619
 177519.16    4   35  96006.327
 106044.49    4   36 124136.917
 109021.77    4   37 159219.555
 150837.94    4   38 178977.687
 117147.70    4   39 166233.492
 124246.41    4   40 127398.372
 482053.83    4   41 124632.413
 187525.74    4   42  83822.957
 123868.10    4   43  85471.383
 128713.15    4   44  82512.651
 214769.78    4   45  74638.740
 115452.70    5    1  38156.627
 171878.22    5    2  40025.711
 132735.34    5    3  37182.732
 169203.20    5    4  41351.424
 349608.66    5    5  24701.401
 108633.50    5    6  45685.505
 145958.98    5    7  20868.890
 274989.21    5    8  16183.113
 116257.25    5    9  35458.125
 110952.77    5   10  59840.770
 188692.75    5   11  48506.208
 134840.94    5   12  58720.932
 138559.70    5   13  46219.135
 156567.72    5   14  30493.741
 121995.02    5   15  30280.093
 123421.60    5   16  17068.706
 120375.23    5   17  43941.003
 108474.91    5   18  33129.392
 164406.94    5   19  28207.978
 266445.42    5   20  34091.551
 113821.54    5   21  69824.684
 138693.40    5   22  46724.124
 114759.10    5   23  33827.461
 128843.76    5   24  39106.981
 152656.50    5   25  24403.009
 102894.27    5   26  43455.675
 189601.67    5   27  20153.656
 179676.74    5   28  31821.166
 118534.94    5   29  33016.091
 134692.18    5   30  70734.148
 113829.66    5   31  40204.818
 107300.42    5   32  58373.840
 116943.13    5   33  42428.888
 109369.70    5   34  32966.710
 135309.66    5   35  48828.509
 106119.84    5   36  60673.315
 161939.13    5   37  35124.692
 104769.97    5   38  23805.224
 125465.34    5   39  29229.369
 149271.86    5   40  24530.866
 126253.91    5   41  21710.101
 147340.41    5   42  58242.156
 141723.07    5   43  13982.930
 121247.26    5   44  44332.590
 118899.80    5   45  30809.110
 160777.26    6    1 150331.455
 357697.82    6    2  66888.155
 203287.99    6    3 105227.756
 237356.84    6    4  62710.439
 185541.68    6    5  86792.701
 400637.33    6    6 114351.533
 169761.33    6    7 174827.462
 144715.28    6    8 120808.079
 362246.71    6    9 118437.327
 137533.88    6   10 140662.474
 174791.43    6   11 116158.991
 126466.18    6   12 157594.735
 129667.13    6   13 139689.442
 231828.40    6   14 112404.590
 120314.58    6   15 151316.372
 162644.73    6   16 160752.942
 125773.23    6   17 123111.204
 131584.30    6   18  95735.973
 159739.17    6   19  87748.630
 173886.84    6   20  82803.296
 155002.76    6   21  84318.272
 136073.92    6   22 157245.418
 244540.52    6   23 117591.139
 206992.04    6   24  90481.380
 426303.91    6   25 109143.356
 182505.65    6   26 110306.507
 279596.57    6   27 100307.304
 271931.17    6   28 129271.811
 216908.75    6   29 118750.909
 134344.99    6   30 131057.141
 364209.03    6   31  92086.483
 174144.99    6   32 124522.661
 126236.69    6   33 204916.621
 135891.88    6   34 144227.300
 340230.30    6   35 138811.498
 155457.62    6   36 109896.881
 162499.76    6   37 177627.968
 155869.69    6   38 110849.033
 199272.57    6   39  99718.156
 148629.41    6   40  96917.299
 825333.81    6   41 109790.768
 191876.53    6   42  63773.471
 144385.45    6   43 156966.100
 149184.73    6   44 111240.087
 341938.57    6   45  98061.390
 324399.67    7    1  32448.685
 139712.66    7    2  92821.757
 142312.71    7    3  83117.879
 141713.53    7    4  68242.465
 125402.39    7    5 104866.297
 124538.65    7    6  85801.811
 139062.12    7    7  68824.672
 120782.12    7    8 100199.512
 233702.08    7    9  60602.474
 127533.72    7   10 151681.283
 103458.02    7   11 136427.244
 187714.72    7   12 109622.180
 131584.99    7   13 178462.419
 116105.98    7   14 138555.646
 189133.57    7   15 104705.308
 118707.41    7   16 171259.217
 117997.85    7   17 140093.140
 160885.72    7   18  57180.441
 149753.84    7   19 120565.936
 273020.65    7   20  61911.042
 453907.10    7   21  50020.742
 156740.66    7   22  89791.848
 468367.64    7   23  89031.798
 110626.03    7   24 151990.993
 149740.15    7   25 116808.418
 131371.78    7   26  93139.211
 143010.70    7   27  55273.664
 122175.31    7   28  91638.276
 188569.34    7   29  86368.505
 104477.40    7   30 206950.104
 123966.17    7   31 166705.707
 130137.69    7   32 115071.476
 123497.56    7   33  65493.251
 121573.44    7   34 150009.012
 119171.16    7   35 285295.232
 107801.56    7   36  92011.094
 105435.74    7   37 177177.135
 172862.25    7   38  73194.842
 117921.14    7   39 241457.227
 116101.02    7   40  99136.758
 114434.46    7   41  87389.334
  99235.09    7   42 265746.339
 106619.72    7   43 184178.559
  93931.36    7   44 279394.431
  98387.18    7   45 301464.049
 105451.87    8    1 153600.000
 132117.50    8    2  26852.000
 134956.24    8    3 165615.999
 110219.67    8    4  98755.046
 109682.25    8    5 262144.000
 141492.43    8    6 212245.490
 120480.91    8    7  99489.020
 120490.74    8    8  87424.000
 151651.86    8    9  65521.168
 342666.47    8   10 153600.000
 165396.77    8   11  40301.910
 241897.08    8   12 170030.586
 245018.83    8   13 158922.500
 208169.41    8   14 148913.820
 251500.50    8   15  57022.050
 222515.67    8   16 154338.000
 111517.29    8   17 169441.607
 115940.35    8   18 146197.745
 152376.62    8   19 100098.713
 123519.95    8   20 262144.000
 142113.83    8   21 172172.644
 133726.56    8   22  99720.088
 167627.91    8   23  87652.000
 165220.95    8   24  63795.784
 109673.15    8   25 168572.869
 107621.79    8   26 193680.232
 148916.51    8   27 179420.844
 146374.82    8   28  37968.846
 211074.86    8   29 149072.556
 103072.51    8   30 185785.754
 151254.55    8   31 272659.576
 194310.12    8   32 201494.132
 148489.43    8   33 100846.655
 122642.75    8   34 123835.980
 119395.82    8   35 110761.638
 145750.03    8   36 346904.214
 121495.67    8   37 141514.794
 212378.45    8   38 262144.000
 122101.89    8   39 272282.627
 153290.45    8   40 113667.390
 111229.07    8   41 188361.611
 157573.08    8   42 209779.960
 192392.45    8   43 105588.523
 123111.73    8   44 123148.287
 175258.17    8   45 101863.524
 129916.34    9    1  72533.959
 146703.94    9    2  90623.791
 135144.82    9    3  58376.547
 197674.94    9    4  69161.096
 125632.39    9    5 106958.712
 152465.36    9    6  80241.329
 205156.90    9    7  64196.467
 112998.73    9    8 108827.022
 151725.22    9    9  91467.963
 235693.88    9   10  66807.343
 195092.96    9   11  37428.779
 141761.14    9   12  37085.884
 138102.10    9   13  53961.064
 225034.86    9   14  43614.959
 133533.38    9   15  47506.785
 106731.87    9   16  90467.679
 153122.20    9   17  54892.356
 176316.31    9   18  56344.403
 217785.03    9   19  54892.586
 119551.95    9   20  81070.886
 248247.20    9   21  78194.640
 147095.44    9   22  66677.546
 113885.29    9   23  99489.411
 200055.27    9   24  82497.967
 381922.98    9   25  42903.082
 134614.57    9   26  70941.517
 178028.19    9   27  63096.370
 174173.12    9   28  42180.773
 110615.22    9   29  95681.181
 163396.54    9   30  68783.465
 201316.47    9   31  54772.553
 291569.88    9   32  42820.689
 193164.75    9   33  51397.935
 118992.17    9   34  78618.756
 248527.80    9   35  68811.430
 344712.55    9   36  53096.129
 117569.57    9   37  64658.399
  98429.64    9   38  99306.190
 128045.43    9   39  57540.047
 146220.86    9   40  56031.573
 130909.25    9   41  77853.445
 182384.29    9   42  62000.603
 101435.91    9   43 111906.529
 296249.04    9   44  59956.499
 108169.34    9   45 131167.010
 133532.77   10    1   4125.092
 223451.78   10    2  10047.316
 222454.35   10    3   8501.642
 133257.43   10    4  18345.488
 376467.60   10    5  15274.198
 128243.94   10    6  22442.601
 134535.75   10    7  21337.265
 100388.88   10    8  11293.227
 121974.65   10    9  13385.585
 176104.51   10   10  19263.614
 225812.91   10   11  21850.616
 173059.83   10   12  25344.082
 190271.12   10   13  36278.011
 116656.69   10   14  27558.882
 110569.04   10   15  50256.478
 113097.26   10   16   9247.837
 157328.31   10   17  17569.732
 335048.33   10   18   5128.827
 161438.39   10   19  25272.747
 298343.06   10   20  27689.695
 166052.23   10   21  24564.963
 137019.46   10   22  33391.742
  96699.01   10   23  12057.261
 179082.16   10   24  28938.090
 192553.58   10   25  24680.852
 126059.26   10   26  44428.250
 108362.22   10   27  24874.740
 146430.79   10   28  46862.058
 155688.18   10   29  11505.483
 127176.79   10   30  27242.021
 143303.47   10   31   5381.215
  93902.97   10   32  28536.705
 111526.74   10   33  32026.564
  97753.02   10   34  16347.507
 133156.55   10   35  25920.203
 112801.55   10   36  25479.129
 120335.14   10   37  49921.960
 101201.85   10   38  14653.956
 161494.85   10   39  28253.807
 188619.33   10   40   3897.910
  94194.39   10   41  16315.025
 153133.29   10   42  26815.118
 115835.91   10   43  14964.836
 145241.51   10   44  34917.095
 202086.58   10   45   5046.310
