Time (ms)     cl  pb      cost
 204375.17    1    1   4760.811
 187238.58    1    2   4916.424
 196384.87    1    3   4458.744
 182619.74    1    4   4749.386
 225450.65    1    5   5356.576
 211867.28    1    6   4697.458
 219470.02    1    7   5858.907
 213830.67    1    8   4512.853
 230337.71    1    9   4624.122
 238978.24    1   10   5157.630
 218683.82    1   11   5296.853
 178396.80    1   12   5858.393
 217864.23    1   13   6084.827
 195136.39    1   14   5607.081
 264547.51    1   15   5987.316
 237742.89    1   16   4976.715
 234132.99    1   17   5224.554
 207412.21    1   18   5367.406
 155279.32    1   19   5168.950
 197609.88    1   20   4524.965
 182948.97    1   21   4983.166
 248800.63    1   22   4924.275
 192492.37    1   23   5349.020
 134848.46    1   24   5062.696
 202349.97    1   25   4901.134
 177729.25    1   26   5521.896
 188813.30    1   27   4701.347
 201539.46    1   28   5702.752
 213905.62    1   29   4578.854
 155326.02    1   30   4667.435
 153595.00    1   31   4994.750
 168384.19    1   32   4793.955
 230425.74    1   33   5401.113
 178730.50    1   34   4613.671
 181253.83    1   35   4964.022
 200694.89    1   36   5028.851
 221462.28    1   37   5323.964
 195518.74    1   38   5714.972
 136782.31    1   39   5318.491
 239006.21    1   40   5185.438
 197435.23    1   41   5070.765
 197564.37    1   42   4841.105
 230571.24    1   43   5523.854
 152994.69    1   44   5218.947
 158317.30    1   45   4486.679
 160367.07    2    1  11701.868
 132609.02    2    2  18311.079
 143881.44    2    3  19747.023
 167384.55    2    4  18361.445
 161649.85    2    5  17193.706
 131739.42    2    6  20943.467
 146721.40    2    7  17124.999
 208419.54    2    8  13621.368
 135517.15    2    9  25346.783
 121889.41    2   10  21296.688
 200189.99    2   11  23538.135
 119856.66    2   12  21666.933
 146071.48    2   13  19317.180
 123230.73    2   14  25716.065
 175497.07    2   15  17043.679
 175798.81    2   16  15956.597
 125135.05    2   17  29691.364
 161994.48    2   18  11346.639
 145499.00    2   19  10670.542
 170143.70    2   20  12969.382
 151354.88    2   21  10939.416
 196956.75    2   22  20083.778
 166235.46    2   23  16621.587
 134140.34    2   24  18914.873
 263673.58    2   25  13097.029
 158797.60    2   26  17104.831
 185863.89    2   27  14457.463
 126082.71    2   28  24889.424
 144046.70    2   29  21283.196
 205210.36    2   30  19031.593
 134357.44    2   31  15379.536
 167640.74    2   32  13384.426
 116952.27    2   33  22149.659
 141985.63    2   34  19410.760
 177782.94    2   35  21015.142
 181366.66    2   36  14034.163
 182745.79    2   37  17234.675
 203896.24    2   38  13501.881
 136666.41    2   39  18886.183
 126184.35    2   40  17796.496
 130167.28    2   41  19905.264
 125712.72    2   42  22140.644
 121193.26    2   43  16560.154
 158146.36    2   44  28768.627
 142877.92    2   45  19997.317
 109096.83    3    1  51964.610
 122629.60    3    2  90452.538
 118104.88    3    3  68491.425
 116311.90    3    4  72038.130
 129855.40    3    5  82744.360
 173743.69    3    6  25796.606
 114814.26    3    7  45989.190
 118038.71    3    8  55259.424
 111651.21    3    9  60415.762
 154247.02    3   10  39694.832
 166943.27    3   11  40624.669
 131877.20    3   12  32221.755
 130187.74    3   13  62742.281
 139540.96    3   14  41945.159
 152801.27    3   15  48191.599
 146640.95    3   16  56434.920
 143907.22    3   17  22934.164
 187349.42    3   18  48358.769
 128439.88    3   19  43092.420
 112433.03    3   20  57897.569
 121577.48    3   21  67869.404
 144239.12    3   22  47141.442
 125968.22    3   23  49399.835
 109974.35    3   24  53681.117
 117755.23    3   25  51362.279
 104284.77    3   26  60834.662
 180989.20    3   27  50488.033
 114038.74    3   28  44311.711
 121655.73    3   29  53690.793
 192914.85    3   30  44084.584
 156765.05    3   31  66545.370
 126534.49    3   32  58707.215
 132061.72    3   33  47827.433
 142277.38    3   34  55718.753
 128746.69    3   35  42748.047
 115732.51    3   36  75195.065
 159077.04    3   37  42071.996
 213249.30    3   38  36624.135
  99791.29    3   39  80300.989
 112378.03    3   40  41684.464
 106632.24    3   41  54691.308
 102401.47    3   42  43633.626
 131119.87    3   43  26686.509
 107938.02    3   44  54843.247
 119946.66    3   45  67887.920
 134844.97    4    1 114451.478
 119178.85    4    2 129697.714
 108883.56    4    3 125760.577
 113064.49    4    4 101379.427
 111751.33    4    5 178482.533
 113072.09    4    6 121177.736
 275966.19    4    7  83164.170
 131901.97    4    8 122360.606
 160682.76    4    9 111387.439
 114032.65    4   10  87495.266
 131703.83    4   11  61956.907
 169223.62    4   12  64655.830
 120343.70    4   13 106075.491
 155722.46    4   14  53684.808
 126094.99    4   15  60453.318
 115944.89    4   16  70189.277
 198488.40    4   17  33800.190
 110731.95    4   18 201062.924
  96809.49    4   19  48963.121
 101377.31    4   20  83935.566
 120592.66    4   21 144715.546
 111558.44    4   22  96265.410
 113681.54    4   23  90937.658
 101939.79    4   24 105748.611
 120120.87    4   25 103142.530
 123105.86    4   26 100574.157
 122863.27    4   27  75732.238
 100067.47    4   28 105689.407
 143390.53    4   29 117616.555
 144534.30    4   30  71194.803
 131495.83    4   31  86005.101
 130347.03    4   32  66937.416
 114604.12    4   33  50403.784
 136749.31    4   34  80105.674
 167121.89    4   35  67111.687
 118903.56    4   36  84678.720
 113781.51    4   37 136092.767
 129818.69    4   38 143349.211
 106229.83    4   39 124096.067
 108797.31    4   40  92903.713
 256085.70    4   41 103718.215
 110508.65    4   42  65971.566
 153741.41    4   43  68104.585
 135867.54    4   44  60196.639
 151829.36    4   45  63351.079
 110013.41    5    1  24290.335
 139257.25    5    2  27871.817
 110721.23    5    3  27336.066
 133129.63    5    4  31732.249
 116225.92    5    5  18821.005
 117190.97    5    6  32339.334
 113184.86    5    7  15598.840
 147422.01    5    8  12133.227
 115327.04    5    9  23061.810
 114430.21    5   10  36694.024
 110837.60    5   11  37139.724
 111120.72    5   12  32915.799
 126750.71    5   13  30190.187
 131134.90    5   14  23047.458
 144166.26    5   15  18478.260
 132647.36    5   16  12247.936
 115100.65    5   17  40444.626
 110129.70    5   18  23122.089
 108490.47    5   19  21634.494
 136780.04    5   20  22926.404
 133942.64    5   21  56335.357
 132149.17    5   22  34068.567
 124693.49    5   23  20824.250
 108307.27    5   24  27674.323
 111400.66    5   25  20662.069
 211923.59    5   26  24767.877
 217599.33    5   27  15873.742
 109685.75    5   28  26888.526
 121697.98    5   29  28110.430
 140218.33    5   30  38568.649
 185435.06    5   31  31798.863
 130455.13    5   32  42487.594
 129149.79    5   33  25884.584
 110278.39    5   34  23102.032
 109445.29    5   35  32102.136
 112407.44    5   36  41096.591
 105013.54    5   37  28581.918
 121729.62    5   38  13599.857
 134595.31    5   39  16839.236
 148743.20    5   40  20418.499
 107247.04    5   41  14888.844
 128596.78    5   42  35486.771
 130282.27    5   43  10752.817
 128439.31    5   44  31613.823
 120073.86    5   45  24898.925
 130634.46    6    1 102585.374
 166429.20    6    2  56427.082
 338079.81    6    3  70445.237
 203395.40    6    4  46739.249
 189641.97    6    5  60929.340
 171847.41    6    6  94458.965
 133053.29    6    7 124502.053
 142665.80    6    8  79688.874
 128849.97    6    9  98224.757
 158757.35    6   10 101077.707
 162815.27    6   11  91226.240
 132809.92    6   12  94170.817
 144307.30    6   13 108826.024
 151162.16    6   14 101318.013
 137476.76    6   15 106660.111
 133220.36    6   16 138353.892
 149126.88    6   17 101462.144
 153898.51    6   18  76552.680
 202433.67    6   19  69457.097
 239641.39    6   20  60265.692
 154165.84    6   21  66569.246
 129079.86    6   22 128818.764
 128696.63    6   23  82039.578
 129041.23    6   24  78317.476
 114714.67    6   25  83024.072
 181839.75    6   26  78335.664
 141157.20    6   27  79065.837
 132719.91    6   28 110511.613
 149221.87    6   29  82917.726
 166487.82    6   30  95699.327
 141728.68    6   31  75266.541
 127996.64    6   32 105346.665
 107599.00    6   33 170694.212
 117177.93    6   34  94618.426
 179636.68    6   35 121134.650
 236134.00    6   36  83705.983
 124597.36    6   37 131691.320
 127342.72    6   38  84004.180
 154102.85    6   39  82609.760
 131654.10    6   40  73413.145
 279653.18    6   41  89904.627
 307371.94    6   42  50649.128
 172169.24    6   43  93987.589
 181732.49    6   44  85496.604
 188129.38    6   45  81979.942
 152247.67    7    1  25697.308
 137235.27    7    2  60148.014
 146217.56    7    3  48320.141
 118884.42    7    4  41701.829
 128113.28    7    5  61512.017
 150150.37    7    6  50150.621
 123877.04    7    7  39846.431
 139572.47    7    8  53885.908
 149231.37    7    9  57602.865
 146000.59    7   10 101558.440
 117263.13    7   11  81428.647
 153500.68    7   12  66332.298
 122634.50    7   13 111867.861
 123588.21    7   14  87511.077
 142119.62    7   15  71571.445
 159972.85    7   16 100573.903
 147098.57    7   17 107116.897
 152366.47    7   18  52752.693
 151340.88    7   19  89266.294
 164104.45    7   20  44505.040
 174931.68    7   21  39697.338
 145174.20    7   22  73047.459
 117352.33    7   23  68740.423
 127443.12    7   24 129005.897
 126175.51    7   25  73003.796
 123703.76    7   26  66902.668
 111622.19    7   27  41369.115
 119319.19    7   28  54547.165
 117886.62    7   29  57469.107
 117577.90    7   30 149324.500
 105685.37    7   31 126040.828
 125996.61    7   32  76997.807
 113480.00    7   33  37088.122
 107684.47    7   34  99107.463
 119931.12    7   35 168517.814
 111894.42    7   36  57990.160
 106231.75    7   37 110939.087
 131443.89    7   38  62818.378
 110213.97    7   39 229925.104
 102782.42    7   40  62824.251
 111627.60    7   41  72256.751
 101869.20    7   42 214749.369
 107051.81    7   43 108120.682
  98911.25    7   44 174540.750
 112155.91    7   45 274148.789
 108974.44    8    1 102410.000
 118652.39    8    2  25816.000
 112634.01    8    3  93143.812
 126603.53    8    4  75321.710
 111296.43    8    5 174784.000
 125726.21    8    6 161117.783
 125690.59    8    7  61328.923
 125428.51    8    8  58892.000
 128986.55    8    9  43566.384
 129835.38    8   10 102808.000
 136876.77    8   11  38275.141
 205715.52    8   12 130717.596
 191981.94    8   13 142120.000
 196683.27    8   14 100940.322
 289159.52    8   15  43874.242
 238250.06    8   16 106216.687
 138012.94    8   17 114308.573
 114584.54    8   18  87136.348
 115574.52    8   19  77462.514
 134388.72    8   20 175466.000
 150473.51    8   21 131383.048
 134344.59    8   22  63299.316
 153156.47    8   23  66864.000
 134978.98    8   24  46538.196
  96795.17    8   25 119426.913
  92113.06    8   26 175561.382
 125157.19    8   27 142097.539
 126643.87    8   28  27134.009
 222616.52    8   29 111476.052
 100253.22    8   30 108802.118
 115678.87    8   31 176013.687
 162102.94    8   32 141834.982
 118158.49    8   33  72641.051
 175206.38    8   34  97873.630
 176390.83    8   35  76996.228
 118578.04    8   36 300644.160
 195239.34    8   37 121082.964
 222197.19    8   38 176292.000
 186901.53    8   39 175443.489
 215404.21    8   40  85884.386
  94532.73    8   41 141204.045
  97355.25    8   42 153410.687
 253139.55    8   43  77280.771
 141471.02    8   44  73953.491
 216543.62    8   45  76401.420
 118709.15    9    1  49485.003
 248805.06    9    2  55026.620
 117817.40    9    3  42665.284
 120549.59    9    4  46857.303
 110124.41    9    5  74598.673
 148615.27    9    6  60274.066
 127413.71    9    7  52161.345
 104139.11    9    8  87239.609
 134244.45    9    9  70020.143
 304246.51    9   10  50904.766
 185917.88    9   11  27958.024
 120774.12    9   12  26800.183
 155501.74    9   13  41247.708
 126858.63    9   14  31659.982
 160245.16    9   15  33167.732
 101181.89    9   16  69691.120
 130390.29    9   17  42872.673
 147333.86    9   18  41849.362
 196194.38    9   19  47221.127
 107748.93    9   20  54272.220
 126429.47    9   21  63856.245
 140355.05    9   22  48094.671
 121769.06    9   23  82720.992
 122381.60    9   24  62755.415
 153911.54    9   25  33419.437
 114113.80    9   26  53057.501
 215486.39    9   27  48112.236
 175573.41    9   28  31946.280
 100184.63    9   29  81404.863
 138391.93    9   30  55477.796
 132602.39    9   31  41828.516
 201890.20    9   32  32537.892
 178405.02    9   33  39087.347
  99982.67    9   34  68732.222
 133266.36    9   35  53986.289
 102903.20    9   36  40999.385
 133098.86    9   37  42681.013
 100682.72    9   38  57456.271
 133175.65    9   39  42913.268
 107934.04    9   40  43439.019
 103948.45    9   41  62082.426
 133688.69    9   42  46389.299
 101476.46    9   43  90317.367
 159781.09    9   44  45084.162
  99074.55    9   45  91552.338
 129721.05   10    1   3215.360
 119517.48   10    2   8005.305
 133755.64   10    3   6737.568
 114843.93   10    4  13417.908
 117170.87   10    5  11457.256
 125862.20   10    6  15206.556
 122117.92   10    7  14526.359
  99540.30   10    8   9187.896
 143721.74   10    9  10280.202
 155355.22   10   10  14608.178
 163234.53   10   11  16716.569
 103341.50   10   12  18975.770
 118128.41   10   13  28030.919
 195557.36   10   14  16971.731
 109924.62   10   15  31849.567
 127602.92   10   16   7663.694
 171393.65   10   17  13569.505
 219688.64   10   18   3608.492
 111838.70   10   19  19039.518
 112261.62   10   20  21935.466
 119523.24   10   21  18380.812
 112521.62   10   22  26004.447
  96022.13   10   23   9749.899
 124593.61   10   24  20530.699
 104020.94   10   25  17673.688
 104460.06   10   26  32919.508
 153704.52   10   27  18041.291
 102023.82   10   28  35246.165
 117364.62   10   29   9683.535
 115540.26   10   30  19972.368
 168653.81   10   31   3932.014
  98053.52   10   32  18363.702
 126807.75   10   33  20173.459
  97316.28   10   34  13161.430
 115068.50   10   35  21476.055
 108777.71   10   36  15977.167
 105876.27   10   37  30628.923
 107376.92   10   38  12199.751
 130738.04   10   39  23218.206
 125443.24   10   40   2800.588
 122242.85   10   41  11599.539
 192491.84   10   42  18739.623
 102192.85   10   43  11184.377
 212990.68   10   44  25373.861
 177133.14   10   45   3601.800
