Time (ms)     cl  pb      cost
   6579.10    1    1   1267.022
   6855.41    1    2   1253.264
   7147.10    1    3   1392.677
   7085.49    1    4   1381.371
   6889.77    1    5   1326.060
   7907.83    1    6   1793.024
   8859.12    1    7   1555.935
   8105.49    1    8   1505.214
   7574.84    1    9   1506.208
   6753.09    1   10   1440.360
   6824.11    1   11   1586.600
   7244.71    1   12   1416.250
   6785.46    1   13   1242.140
   8460.31    1   14   1681.063
   8098.81    1   15   1646.225
   7354.32    1   16   1672.458
   8290.93    1   17   1580.438
   8444.82    1   18   1307.690
   7921.14    1   19   1359.020
   7705.48    1   20   1469.827
   8902.72    1   21   1868.926
   8069.94    1   22   1557.293
   9361.99    1   23   1484.357
   8244.00    1   24   1654.637
   8355.76    1   25   1430.979
   6682.52    1   26   1394.867
   6962.16    1   27   1731.752
   7691.00    1   28   1307.150
   7558.16    1   29   1252.451
   6731.19    1   30   1491.787
   6903.13    1   31   1341.627
   7550.22    1   32   1495.621
   7687.11    1   33   1472.729
   8054.26    1   34   1545.718
   7125.40    1   35   1310.921
   7355.70    1   36   1351.744
   7981.27    1   37   1328.075
   7351.32    1   38   1385.397
   7351.01    1   39   1398.167
   6884.69    1   40   1386.737
   8203.71    1   41   1592.085
   6911.35    1   42   1307.189
   7892.35    1   43   1283.211
   7379.52    1   44   1348.315
   6661.88    1   45   1534.508
  11040.56    2    1   2252.618
   8962.90    2    2   3110.398
   9736.23    2    3   3069.338
  10978.52    2    4   2029.950
  11547.07    2    5   2381.620
   9036.82    2    6   3218.461
   7732.54    2    7   2050.964
   9321.72    2    8   1876.630
  10089.17    2    9   2133.939
   8453.33    2   10   2612.259
  13875.40    2   11   2987.334
   8865.31    2   12   2768.617
  12434.92    2   13   2961.319
   8056.99    2   14   2530.501
   7624.73    2   15   2828.758
   8347.28    2   16   2242.435
  12514.50    2   17   2764.898
   7838.39    2   18   2589.509
   7861.07    2   19   3482.648
   7575.97    2   20   3518.668
  10332.96    2   21   2119.495
   7920.30    2   22   3253.688
   7341.56    2   23   3067.561
   7846.48    2   24   2834.906
   9832.58    2   25   2970.792
   7797.51    2   26   3097.391
  11348.85    2   27   2350.104
   8780.65    2   28   3219.780
   9386.60    2   29   2804.165
   7801.56    2   30   2784.870
   8706.86    2   31   1991.333
   7317.99    2   32   3674.169
   7510.18    2   33   2368.648
   7149.08    2   34   1275.407
   7121.95    2   35   1775.026
   7235.67    2   36   4128.307
  10137.63    2   37   2688.782
  10249.37    2   38   1533.107
   7904.57    2   39   1630.193
   8830.12    2   40   3094.239
   7596.39    2   41   3066.625
   9159.48    2   42   3065.719
   9679.17    2   43   2252.233
   8543.75    2   44   2001.009
   7604.23    2   45   1787.806
   9136.50    3    1   7371.188
   7986.31    3    2   5506.002
  11551.35    3    3   6716.511
   6790.17    3    4   8269.227
   6947.26    3    5   9725.355
   9133.51    3    6   7729.166
   8416.38    3    7   9847.906
  12959.08    3    8   7797.723
  11656.32    3    9   9699.113
   7666.93    3   10   6288.701
   7256.49    3   11  10519.315
   7014.14    3   12   9928.958
   6429.93    3   13  10837.920
   7203.81    3   14   9166.231
   9830.68    3   15   8543.942
   7929.35    3   16  10359.237
   7620.43    3   17  13018.871
   8318.95    3   18   8802.325
  11145.25    3   19   5674.830
   7984.55    3   20   7165.509
  10555.30    3   21   6389.229
   9546.50    3   22   5738.542
  10280.64    3   23   7153.454
   7304.91    3   24   9636.979
   7532.41    3   25  12151.285
   8331.13    3   26  11760.405
   7613.58    3   27   9085.975
   6715.43    3   28  14305.338
   8503.84    3   29   7127.444
  11847.04    3   30   6072.397
   8894.81    3   31   4052.043
  15424.12    3   32   6181.461
  13697.02    3   33   7141.240
  22418.17    3   34   7439.034
  10612.64    3   35  12520.409
   7287.40    3   36   7011.776
  12534.00    3   37   6253.074
   7331.04    3   38   7334.979
   8659.76    3   39  10894.155
   6794.87    3   40   7667.839
  13867.04    3   41   4828.037
   7786.35    3   42   8455.900
   9732.82    3   43  10202.630
   7080.97    3   44  14623.148
  10072.06    3   45   6526.273
   7340.37    4    1  24575.182
  15780.29    4    2   8569.554
   7130.10    4    3  20919.303
   9731.76    4    4  18910.533
  14799.62    4    5   8545.925
  15026.69    4    6  11705.659
  18510.47    4    7  11053.506
  12825.92    4    8   9342.769
   6748.95    4    9  13292.333
   8072.53    4   10  22010.964
  16988.75    4   11  12435.184
   9503.18    4   12  16602.661
   6948.50    4   13  21711.905
   7133.73    4   14  24036.145
   7501.68    4   15  20551.706
   6723.80    4   16  20192.636
   6599.65    4   17  13546.244
   6836.66    4   18  17512.887
  10393.83    4   19  17950.351
  13075.59    4   20   9723.382
   6992.13    4   21  12294.377
  11577.83    4   22   7995.300
   7735.91    4   23   5722.032
   9496.97    4   24  10362.412
   6816.55    4   25  14091.984
   6786.58    4   26  20010.780
   7009.34    4   27  21675.842
   9531.63    4   28  19167.790
  11962.34    4   29  17434.927
   9770.24    4   30  13663.885
  10040.94    4   31  16533.489
   6596.07    4   32  14887.003
  11158.30    4   33  18572.542
   9946.83    4   34  19649.322
  10623.76    4   35   8166.180
   8518.99    4   36   9190.025
  12190.82    4   37   8862.765
  11044.45    4   38   8593.257
   9872.87    4   39   9483.393
  11068.58    4   40  11934.500
   9069.05    4   41  14428.497
   6631.08    4   42   8597.920
   8327.43    4   43   8284.187
   6765.83    4   44   8046.800
   7604.76    4   45  11837.319
  10166.36    5    1   3929.054
  11562.42    5    2   4273.076
   8009.17    5    3   5669.743
   7450.22    5    4   4329.546
   7956.92    5    5   4359.190
   7045.60    5    6   2780.399
   6933.38    5    7   2630.356
  11583.30    5    8   4487.369
   7771.16    5    9   4087.461
   7519.51    5   10   5252.976
   8347.16    5   11   8476.444
   6868.01    5   12   6792.304
   7631.38    5   13   6606.140
   8600.10    5   14   3692.018
   9924.81    5   15   5232.565
  10184.86    5   16   4588.425
   7194.63    5   17   5413.039
   7465.56    5   18   4387.633
   8317.53    5   19   3267.920
   8350.95    5   20   1708.110
   9516.88    5   21   2453.576
   8450.13    5   22   3423.070
  10125.95    5   23   3270.967
  13083.74    5   24   2252.928
   8018.95    5   25   2932.448
   8070.12    5   26   3349.721
   6753.36    5   27   5046.425
  11469.26    5   28   3344.564
   7027.62    5   29   5433.623
   9049.45    5   30   5029.246
   8563.65    5   31   2389.019
   9714.45    5   32   3658.287
  10687.98    5   33   2459.612
   9581.52    5   34   4500.090
   7196.65    5   35   3342.760
   7289.48    5   36   2760.977
   8209.91    5   37   2677.625
   8267.50    5   38   3813.670
  16085.60    5   39   2427.868
  10630.30    5   40   2894.459
  10859.47    5   41   3093.266
  24317.75    5   42   3007.651
  13263.05    5   43   4086.921
   7847.45    5   44   3371.943
  23119.31    5   45   4443.146
   8579.30    6    1   6170.810
   9680.15    6    2  15051.832
  14411.18    6    3  17269.920
   8371.02    6    4   7910.968
  12940.37    6    5   7867.230
   9344.64    6    6  20651.122
   9936.47    6    7  11219.743
  14002.63    6    8  10838.952
  13160.97    6    9  15606.841
  10061.78    6   10  10557.772
  16156.79    6   11  10324.272
   8670.33    6   12   7671.265
  15073.57    6   13   6736.602
   8758.19    6   14  13401.554
   8687.46    6   15   8759.311
   8281.69    6   16   8570.333
   8877.74    6   17   9776.020
  12688.02    6   18  10737.721
  13315.77    6   19  13871.228
   7538.77    6   20  14030.847
   8304.37    6   21  10048.522
  12348.87    6   22  16777.200
   7794.97    6   23   7891.810
  10642.08    6   24   6013.861
   8901.50    6   25  13047.834
   8318.53    6   26  13929.462
   9514.05    6   27  11074.984
   7163.26    6   28  11478.665
   8907.65    6   29   9125.401
  10912.07    6   30   7606.321
   8475.51    6   31   7852.061
  10511.45    6   32  18095.474
   9134.35    6   33   9065.697
  10109.19    6   34   9671.414
  13520.98    6   35  11901.814
   8822.71    6   36  18145.572
  13342.93    6   37   9820.805
   9210.26    6   38  10962.026
   7733.67    6   39  12273.488
   9041.56    6   40  19154.845
   9452.58    6   41  11401.753
   9244.53    6   42   9042.117
  10305.80    6   43  11323.452
  10207.58    6   44  13669.508
   9771.32    6   45   6592.771
  10059.89    7    1   6548.061
  13205.92    7    2   2367.260
   9876.99    7    3   4391.291
   8023.52    7    4   4694.733
   7393.43    7    5   6715.583
  16749.37    7    6   3935.453
   9207.75    7    7   6081.242
   9377.07    7    8   5202.697
  10145.23    7    9   4755.387
  11765.44    7   10  12087.707
   7923.87    7   11  11375.907
  18204.23    7   12   6748.474
  18564.96    7   13   9553.576
  20026.77    7   14  11136.069
  17421.54    7   15   5846.264
   8361.24    7   16  11770.222
  15036.72    7   17  13034.257
   7607.94    7   18   9955.675
   7095.50    7   19  11777.261
   6941.80    7   20  16225.727
  13747.99    7   21   4989.766
   7226.01    7   22  16945.617
   7514.04    7   23  11633.428
  10367.38    7   24   7424.386
   7942.04    7   25  16515.449
   6562.05    7   26  13115.343
   8990.70    7   27  10665.730
   7266.12    7   28  19525.101
   7112.75    7   29  21111.653
   6793.72    7   30  12830.482
   6843.15    7   31  15260.911
   7355.66    7   32  17866.961
   8546.41    7   33  12756.262
   7391.84    7   34  24460.230
   7102.87    7   35  24887.564
   6941.54    7   36  19558.926
   7007.20    7   37  17112.098
   6616.65    7   38  32364.926
   7036.52    7   39  25238.212
   7382.32    7   40  29165.572
   6429.14    7   41  18598.402
   8114.07    7   42   7617.484
   6609.76    7   43  31232.411
   6490.40    7   44  32181.923
   6695.62    7   45  16657.585
   8655.18    8    1  14694.261
   6370.55    8    2   3306.096
   8688.41    8    3  14953.979
   7100.26    8    4  10203.759
   6597.27    8    5  24428.943
   9716.50    8    6  21335.171
   6686.40    8    7   9331.850
   6681.76    8    8   9084.651
   6248.34    8    9   6349.261
   6539.87    8   10  14746.724
   7027.92    8   11   4797.873
   9940.06    8   12  17445.566
  11143.98    8   13  18024.109
   9422.19    8   14  14135.190
   8612.11    8   15   5951.332
   9059.11    8   16  16035.364
   6656.65    8   17  16728.765
   7724.87    8   18  13361.500
   7557.67    8   19  10374.968
   7238.70    8   20  24506.840
   8085.32    8   21  17451.474
   7245.45    8   22   9441.321
   7536.33    8   23   9307.392
   6469.69    8   24   6425.156
  11193.95    8   25  16626.163
   5839.08    8   26  22129.579
  10698.16    8   27  18523.172
   6738.61    8   28   3831.095
   9431.26    8   29  16015.764
   7811.05    8   30  17675.584
   5796.54    8   31  25732.912
  21314.55    8   32  20170.090
  21970.81    8   33  10051.743
   7633.29    8   34  13753.332
  11526.42    8   35  10953.215
   7079.50    8   36  38213.216
  11101.64    8   37  15484.748
   8711.08    8   38  25375.598
   6781.44    8   39  25170.965
   7936.30    8   40  11485.617
   9586.68    8   41  19299.769
   9288.19    8   42  21035.716
   9022.37    8   43  11127.263
   7643.99    8   44  11519.086
   7208.58    8   45  10684.651
  18903.18    9    1   7775.595
  11367.15    9    2   8977.776
  12348.62    9    3   6394.281
   8817.11    9    4   7215.388
  16815.46    9    5  11289.402
  13236.37    9    6   8821.676
  10323.51    9    7   7309.290
   6871.77    9    8  11766.066
  15112.09    9    9   9540.761
   9723.90    9   10   7127.627
   8642.26    9   11   4064.602
   8733.85    9   12   3895.813
   8235.43    9   13   5790.891
  10980.14    9   14   4567.136
   9887.44    9   15   4814.364
   6799.81    9   16   9407.442
   7475.23    9   17   5834.190
  11375.39    9   18   5893.939
  16484.13    9   19   6402.383
  10481.63    9   20   8042.388
  10535.93    9   21   8647.559
  11629.81    9   22   6778.993
   6885.61    9   23  10898.655
   8706.41    9   24   8533.527
  11185.70    9   25   4736.493
   7918.39    9   26   7432.981
  13021.08    9   27   6910.017
   9729.41    9   28   4557.976
   6595.04    9   29  10719.638
  12811.13    9   30   7457.495
  11851.82    9   31   5979.272
  10594.12    9   32   4693.121
   8863.36    9   33   5649.407
   6611.53    9   34   8929.888
  10493.30    9   35   7338.180
  15137.13    9   36   5715.755
   9848.37    9   37   6370.258
   6810.32    9   38   9252.324
   9830.31    9   39   5914.798
   8287.40    9   40   6069.723
   6717.42    9   41   8452.506
  10810.32    9   42   6325.537
   6871.70    9   43  12136.058
  12779.94    9   44   6272.327
   7554.36    9   45  12959.042
   6887.41   10    1    468.488
   6813.80   10    2    695.113
   6927.37   10    3    750.961
   5777.84   10    4   1357.376
   6396.65   10    5   1343.203
   7455.28   10    6    736.203
   8129.89   10    7    906.340
   6969.46   10    8   1848.943
   5811.57   10    9   1526.449
   6082.38   10   10    647.989
   8424.76   10   11   1505.582
   6563.30   10   12   1124.626
   6213.53   10   13   1712.018
   7728.41   10   14   1425.376
   7832.76   10   15   1513.912
   6587.18   10   16   2168.617
   7878.08   10   17   3101.663
   7175.19   10   18    603.805
   5608.38   10   19    817.035
   6664.90   10   20   1216.459
   5909.13   10   21    662.225
   7963.98   10   22    699.819
   7027.48   10   23   1616.942
   8564.39   10   24   1290.494
   6448.66   10   25    804.729
   6031.83   10   26   1019.611
   7873.06   10   27   1672.035
   7912.89   10   28   1992.216
   6439.33   10   29   1677.072
   6870.39   10   30   1944.704
   6570.79   10   31    561.480
   7207.98   10   32   1100.860
   7606.03   10   33   1049.814
   6738.95   10   34    848.178
   7854.27   10   35    612.417
   6002.20   10   36   1775.711
   7690.44   10   37   1838.120
   6532.63   10   38   1251.331
   7544.15   10   39    791.350
   7349.05   10   40    968.276
   6533.29   10   41   2102.123
   6806.74   10   42   3524.500
   6942.84   10   43   1975.417
   7316.43   10   44   4224.729
   7114.59   10   45    646.362
