0.6588235294117647
0.0745098039215686
0.2980392156862745
0.2039215686274510
0.6156862745098040
0.1098039215686274
0.8745098039215686
0.1607843137254902
0.1098039215686274
0.8980392156862745
0.4313725490196079
0.0431372549019608
0.3607843137254902
0.2588235294117647
0.9411764705882353
0.1764705882352941
0.6156862745098040
0.9568627450980393
0.7019607843137254
0.7333333333333333
0.2078431372549020
0.4000000000000000
0.4627450980392157
0.7921568627450980
0.7647058823529411
0.0941176470588235
0.0313725490196078
0.7294117647058823
0.2470588235294118
0.6980392156862745
0.1176470588235294
0.7098039215686275
0.2980392156862745
0.9882352941176471
0.0196078431372549
0.2666666666666667
0.3960784313725490
0.5803921568627451
0.3254901960784314
0.8745098039215686
0.4980392156862745
0.0039215686274510
0.1960784313725490
0.5254901960784314
0.9647058823529412
0.0313725490196078
0.9764705882352941
0.4901960784313725
0.2784313725490196
0.7647058823529411
0.8352941176470589
0.7490196078431373
0.5372549019607843
0.8980392156862745
0.2941176470588235
0.6784313725490196
0.6078431372549019
0.7411764705882353
0.5215686274509804
0.3960784313725490
0.9882352941176471
0.5490196078431373
0.6156862745098040
0.2000000000000000
0.0980392156862745
0.3137254901960784
0.5098039215686274
0.7607843137254902
0.2313725490196079
0.0000000000000000
0.0862745098039216
0.6627450980392157
0.8588235294117647
0.4705882352941176
0.7176470588235294
0.8627450980392157
0.0039215686274510
0.0470588235294118
0.3803921568627451
0.3294117647058823
0.9607843137254902
0.5568627450980392
0.6509803921568628
0.0823529411764706
0.2980392156862745
0.7176470588235294
0.0823529411764706
0.6705882352941176
0.2235294117647059
0.0392156862745098
0.2274509803921569
0.1647058823529412
0.6352941176470588
0.2352941176470588
0.4627450980392157
0.4666666666666667
0.8549019607843137
0.0431372549019608
0.1372549019607843
0.3529411764705883
0.3725490196078431
0.1333333333333333
0.7647058823529411
0.9490196078431372
0.1725490196078431
0.2000000000000000
0.8196078431372549
0.4313725490196079
0.2235294117647059
0.2980392156862745
0.3764705882352941
0.6470588235294118
0.4980392156862745
0.1490196078431373
0.9254901960784314
0.6745098039215687
0.9058823529411765
0.6862745098039216
0.2823529411764706
0.4352941176470588
0.5568627450980392
0.8549019607843137
0.5764705882352941
0.1803921568627451
0.0470588235294118
0.0470588235294118
0.5176470588235295
0.6078431372549019
0.3372549019607843
0.4078431372549020
0.6549019607843137
0.9607843137254902
0.8509803921568627
0.7176470588235294
0.4627450980392157
0.5764705882352941
0.0196078431372549
0.0627450980392157
0.1137254901960784
0.8352941176470589
0.8549019607843137
0.1137254901960784
0.1333333333333333
0.2000000000000000
1.0000000000000000
0.2000000000000000
0.7490196078431373
0.1960784313725490
0.5490196078431373
0.3529411764705883
0.1529411764705882
0.0352941176470588
0.1686274509803922
0.8823529411764706
0.5137254901960784
0.0509803921568627
0.3372549019607843
0.4235294117647059
0.3333333333333333
0.2549019607843137
0.0823529411764706
0.2823529411764706
0.1137254901960784
0.2941176470588235
0.5333333333333333
0.1803921568627451
0.1372549019607843
0.8588235294117647
0.5098039215686274
0.9568627450980393
0.4274509803921568
0.9058823529411765
0.5176470588235295
0.5098039215686274
0.9215686274509803
0.3764705882352941
0.8039215686274510
0.9882352941176471
0.1333333333333333
0.2352941176470588
0.3529411764705883
0.3725490196078431
0.0078431372549020
0.2823529411764706
0.4196078431372549
0.2862745098039216
0.3372549019607843
0.0039215686274510
0.9568627450980393
0.1372549019607843
0.2196078431372549
0.8352941176470589
0.8039215686274510
0.8352941176470589
1.0000000000000000
0.7137254901960784
0.9137254901960784
0.5490196078431373
0.0862745098039216
0.2745098039215687
0.0470588235294118
0.3647058823529412
0.5411764705882353
0.0313725490196078
0.4117647058823529
0.6196078431372549
0.3803921568627451
0.6352941176470588
0.7843137254901961
0.5647058823529412
0.1176470588235294
0.5137254901960784
0.0549019607843137
0.0156862745098039
0.4901960784313725
0.2352941176470588
0.5333333333333333
0.6509803921568628
0.0274509803921569
0.0823529411764706
0.5568627450980392
0.7019607843137254
0.0745098039215686
0.5686274509803921
0.2039215686274510
0.4549019607843137
0.2980392156862745
0.1019607843137255
0.4117647058823529
0.1019607843137255
0.0705882352941176
0.0156862745098039
0.2705882352941176
0.0941176470588235
0.1098039215686274
0.1686274509803922
0.0823529411764706
0.6392156862745098
0.3254901960784314
0.5921568627450980
0.6862745098039216
0.5215686274509804
0.0980392156862745
0.8392156862745098
0.3450980392156863
0.2392156862745098
0.1254901960784314
0.8941176470588236
0.5450980392156862
0.0588235294117647
0.5019607843137255
0.1843137254901961
0.9607843137254902
0.4745098039215686
0.3450980392156863
0.9372549019607843
0.6901960784313725
0.4156862745098039
0.6862745098039216
0.1019607843137255
0.7294117647058823
0.9764705882352941
0.9843137254901960
0.1803921568627451
0.3529411764705883
0.6588235294117647
0.0627450980392157
0.9254901960784314
0.5450980392156862
0.8313725490196079
0.0509803921568627
0.9450980392156862
0.5411764705882353
0.6431372549019608
0.1960784313725490
0.1647058823529412
0.9411764705882353
0.5137254901960784
0.3254901960784314
0.7803921568627451
0.0941176470588235
0.3098039215686275
0.1803921568627451
0.2039215686274510
0.6196078431372549
0.0392156862745098
0.4588235294117647
0.4117647058823529
0.2705882352941176
0.6980392156862745
0.9058823529411765
0.3137254901960784
0.8549019607843137
0.5411764705882353
0.6901960784313725
0.4588235294117647
0.5450980392156862
0.0039215686274510
0.0392156862745098
0.7098039215686275
0.6980392156862745
0.0196078431372549
0.3254901960784314
0.5607843137254902
0.8039215686274510
0.3411764705882353
0.6549019607843137
0.8196078431372549
0.6980392156862745
0.0196078431372549
0.2862745098039216
0.0901960784313725
0.4078431372549020
0.2745098039215687
0.4509803921568628
0.9411764705882353
0.7333333333333333
0.5843137254901961
0.9490196078431372
0.9764705882352941
0.7098039215686275
0.4000000000000000
0.8627450980392157
0.5176470588235295
0.5725490196078431
0.0470588235294118
0.7647058823529411
0.5058823529411764
0.4784313725490196
0.7019607843137254
0.0627450980392157
0.2235294117647059
0.6431372549019608
0.3450980392156863
0.4117647058823529
0.3294117647058823
0.0509803921568627
0.2156862745098039
0.1254901960784314
0.4156862745098039
0.5764705882352941
0.5411764705882353
0.4156862745098039
0.2156862745098039
0.2666666666666667
0.0980392156862745
0.8509803921568627
0.0392156862745098
0.7450980392156863
0.0549019607843137
0.2549019607843137
0.5333333333333333
0.8392156862745098
0.0274509803921569
0.8627450980392157
0.4705882352941176
0.0431372549019608
0.6117647058823530
0.4117647058823529
0.1019607843137255
0.7647058823529411
0.1882352941176471
0.1529411764705882
0.1764705882352941
0.9686274509803922
0.1882352941176471
0.9490196078431372
0.2588235294117647
0.9294117647058824
0.2274509803921569
0.3333333333333333
0.4470588235294118
0.1843137254901961
0.7882352941176470
0.4666666666666667
0.7176470588235294
0.1803921568627451
0.4705882352941176
0.4666666666666667
0.2235294117647059
0.2117647058823529
0.7607843137254902
0.7019607843137254
0.6000000000000000
0.1372549019607843
0.1568627450980392
0.5333333333333333
0.6235294117647059
0.4156862745098039
0.5647058823529412
0.2823529411764706
0.9490196078431372
0.1568627450980392
0.2549019607843137
0.1098039215686274
0.1137254901960784
0.3058823529411765
0.6980392156862745
0.1686274509803922
0.5882352941176471
0.5058823529411764
0.1254901960784314
0.7294117647058823
0.0509803921568627
0.9058823529411765
0.1176470588235294
0.4156862745098039
0.4431372549019608
0.1333333333333333
0.1098039215686274
0.2078431372549020
0.0274509803921569
0.1803921568627451
0.0901960784313725
0.0666666666666667
0.6196078431372549
0.9882352941176471
0.3333333333333333
0.0549019607843137
0.3294117647058823
0.6705882352941176
0.6196078431372549
0.4000000000000000
0.9176470588235294
0.3647058823529412
0.1568627450980392
0.4588235294117647
0.3372549019607843
0.3764705882352941
0.5058823529411764
0.6980392156862745
0.0980392156862745
0.5176470588235295
0.0392156862745098
0.3411764705882353
0.1137254901960784
0.9803921568627451
0.0000000000000000
0.1450980392156863
0.8941176470588236
0.1058823529411765
0.6000000000000000
0.5333333333333333
0.0509803921568627
0.9450980392156862
0.2784313725490196
0.2000000000000000
0.0784313725490196
0.8784313725490196
0.9490196078431372
0.3960784313725490
0.9450980392156862
0.7843137254901961
0.4745098039215686
0.2509803921568627
0.5215686274509804
0.0431372549019608
0.6549019607843137
0.1254901960784314
0.7176470588235294
0.3450980392156863
0.7372549019607844
0.1450980392156863
0.0588235294117647
0.6156862745098040
0.2392156862745098
0.6901960784313725
0.7294117647058823
0.5372549019607843
0.6039215686274509
0.7411764705882353
0.6901960784313725
0.5411764705882353
0.2274509803921569
0.7568627450980392
0.3764705882352941
0.0196078431372549
0.1568627450980392
0.2274509803921569
0.9960784313725490
0.5372549019607843
0.4352941176470588
0.5803921568627451
0.7411764705882353
0.2941176470588235
0.7215686274509804
0.3725490196078431
0.4705882352941176
0.2627450980392157
0.2117647058823529
0.2705882352941176
0.2901960784313726
0.1882352941176471
0.5607843137254902
0.7215686274509804
0.4509803921568628
0.2274509803921569
0.9764705882352941
0.8784313725490196
0.0078431372549020
0.0666666666666667
0.9450980392156862
0.5333333333333333
0.5098039215686274
0.2196078431372549
0.1450980392156863
0.6156862745098040
0.5490196078431373
0.0078431372549020
0.7803921568627451
0.5411764705882353
0.3686274509803922
0.0470588235294118
0.0784313725490196
0.5019607843137255
0.2549019607843137
0.7333333333333333
0.4980392156862745
0.0862745098039216
0.3137254901960784
0.9372549019607843
0.7803921568627451
0.2862745098039216
0.2588235294117647
0.5764705882352941
0.6392156862745098
0.6705882352941176
0.9568627450980393
0.9607843137254902
0.4392156862745098
0.5803921568627451
0.6901960784313725
0.6431372549019608
0.4862745098039216
0.1725490196078431
0.3450980392156863
0.4392156862745098
0.9843137254901960
0.4862745098039216
0.9058823529411765
0.9686274509803922
0.5490196078431373
0.4784313725490196
0.4588235294117647
0.7490196078431373
0.8156862745098039
0.0000000000000000
0.1411764705882353
0.2627450980392157
0.8823529411764706
0.9490196078431372
0.4392156862745098
0.7294117647058823
0.0549019607843137
0.0666666666666667
0.2470588235294118
0.2980392156862745
0.5843137254901961
0.8823529411764706
0.4588235294117647
0.0941176470588235
0.6117647058823530
0.0000000000000000
0.2901960784313726
0.3254901960784314
0.3411764705882353
0.3098039215686275
0.6745098039215687
0.0392156862745098
0.6627450980392157
0.8745098039215686
0.2509803921568627
0.0823529411764706
0.9137254901960784
0.5058823529411764
0.4745098039215686
0.4196078431372549
0.2745098039215687
0.1294117647058824
0.7960784313725490
0.1882352941176471
0.7960784313725490
0.1725490196078431
0.4745098039215686
0.3764705882352941
0.5686274509803921
0.6274509803921569
0.1921568627450981
0.2431372549019608
0.2156862745098039
0.7960784313725490
0.3921568627450980
0.0549019607843137
0.4627450980392157
0.8941176470588236
0.2705882352941176
0.5803921568627451
0.3568627450980392
0.0352941176470588
0.2823529411764706
0.6745098039215687
0.6588235294117647
0.0941176470588235
0.2235294117647059
0.6117647058823530
0.3333333333333333
0.3137254901960784
0.2274509803921569
0.4588235294117647
0.8117647058823529
0.0470588235294118
0.2901960784313726
0.8588235294117647
0.1921568627450981
0.0588235294117647
0.3725490196078431
1.0000000000000000
0.1058823529411765
0.5450980392156862
0.8784313725490196
0.8823529411764706
0.5843137254901961
0.1803921568627451
0.2235294117647059
0.9882352941176471
0.4235294117647059
0.2666666666666667
0.2862745098039216
0.9019607843137255
0.3490196078431372
0.3764705882352941
0.4117647058823529
0.1137254901960784
0.7019607843137254
0.1764705882352941
0.7686274509803922
0.5803921568627451
0.6392156862745098
0.2000000000000000
0.6117647058823530
0.4901960784313725
0.0823529411764706
0.0980392156862745
0.5764705882352941
0.8078431372549020
0.3294117647058823
0.6470588235294118
1.0000000000000000
0.5686274509803921
0.8980392156862745
0.5647058823529412
0.5254901960784314
0.2274509803921569
0.2705882352941176
0.8823529411764706
0.6117647058823530
0.7372549019607844
0.0941176470588235
0.2862745098039216
0.2627450980392157
0.7372549019607844
0.1372549019607843
0.6392156862745098
0.5568627450980392
0.1764705882352941
0.3607843137254902
0.1450980392156863
0.8823529411764706
0.4980392156862745
0.6392156862745098
0.6000000000000000
0.2980392156862745
0.1921568627450981
0.5333333333333333
0.0941176470588235
0.3137254901960784
0.0627450980392157
0.1921568627450981
0.2235294117647059
0.1411764705882353
0.0000000000000000
0.8509803921568627
0.0941176470588235
0.9176470588235294
0.7725490196078432
0.4862745098039216
0.7843137254901961
0.7137254901960784
0.6000000000000000
0.0078431372549020
0.2980392156862745
0.7411764705882353
0.2039215686274510
0.3725490196078431
0.2235294117647059
0.0980392156862745
0.1803921568627451
0.6196078431372549
0.7372549019607844
0.8117647058823529
0.0470588235294118
0.1882352941176471
0.0431372549019608
0.4901960784313725
0.3058823529411765
0.0666666666666667
0.8627450980392157
0.9490196078431372
0.6352941176470588
0.1019607843137255
0.6509803921568628
0.6470588235294118
0.6078431372549019
0.3372549019607843
0.4000000000000000
0.8392156862745098
0.9882352941176471
0.7411764705882353
0.4235294117647059
0.0784313725490196
0.2431372549019608
0.6980392156862745
0.8627450980392157
0.3098039215686275
0.0862745098039216
0.2627450980392157
0.7568627450980392
0.1490196078431373
0.9647058823529412
0.1568627450980392
0.6549019607843137
0.7058823529411765
0.3764705882352941
0.9764705882352941
0.9058823529411765
0.6000000000000000
0.6039215686274509
0.3019607843137255
0.6823529411764706
0.2627450980392157
0.5725490196078431
0.7843137254901961
0.8196078431372549
0.7490196078431373
0.7843137254901961
0.9450980392156862
0.7686274509803922
1.0000000000000000
0.5019607843137255
0.6784313725490196
0.8980392156862745
0.1450980392156863
0.1803921568627451
0.9372549019607843
0.2000000000000000
0.6745098039215687
0.1803921568627451
0.9294117647058824
0.5450980392156862
0.4352941176470588
0.9882352941176471
0.0274509803921569
1.0000000000000000
0.9490196078431372
0.1019607843137255
0.7725490196078432
0.4431372549019608
0.8980392156862745
0.5647058823529412
0.2352941176470588
0.0705882352941176
0.6117647058823530
0.4980392156862745
0.4078431372549020
0.5843137254901961
0.4823529411764706
0.4313725490196079
0.2470588235294118
0.0470588235294118
0.3686274509803922
0.1647058823529412
0.6235294117647059
0.3725490196078431
0.2901960784313726
0.8509803921568627
0.1725490196078431
0.5215686274509804
0.2470588235294118
0.9176470588235294
0.2470588235294118
0.5764705882352941
0.0784313725490196
0.4000000000000000
0.5098039215686274
0.4627450980392157
0.2117647058823529
0.1098039215686274
0.0823529411764706
0.5725490196078431
0.1725490196078431
0.9960784313725490
0.1333333333333333
0.4901960784313725
0.7882352941176470
0.0745098039215686
0.0745098039215686
0.9254901960784314
0.4980392156862745
0.7176470588235294
0.9411764705882353
0.2000000000000000
0.5490196078431373
0.1372549019607843
0.1803921568627451
0.1019607843137255
0.2470588235294118
0.1725490196078431
0.2901960784313726
0.4431372549019608
0.8588235294117647
0.0901960784313725
0.2588235294117647
0.5411764705882353
0.9137254901960784
0.1764705882352941
0.6823529411764706
0.8627450980392157
0.6588235294117647
0.1137254901960784
0.5607843137254902
0.7215686274509804
0.1647058823529412
0.1803921568627451
0.3490196078431372
0.9019607843137255
0.1803921568627451
0.2000000000000000
0.1803921568627451
0.8352941176470589
0.3921568627450980
0.8078431372549020
0.0313725490196078
0.1058823529411765
0.0470588235294118
0.2549019607843137
0.2078431372549020
0.2235294117647059
0.0627450980392157
0.0196078431372549
0.7921568627450980
0.5294117647058824
0.7176470588235294
0.0627450980392157
0.1215686274509804
0.0156862745098039
0.8862745098039215
0.5725490196078431
0.1803921568627451
0.0549019607843137
0.9411764705882353
0.2509803921568627
0.1843137254901961
0.2941176470588235
0.1568627450980392
0.0549019607843137
0.5882352941176471
0.9607843137254902
0.0784313725490196
0.5686274509803921
0.6431372549019608
0.7803921568627451
0.1019607843137255
0.7450980392156863
0.5647058823529412
0.1215686274509804
0.1764705882352941
0.9843137254901960
0.8117647058823529
0.7960784313725490
0.2274509803921569
0.2352941176470588
0.1803921568627451
0.0549019607843137
0.9137254901960784
0.0549019607843137
0.9176470588235294
0.9490196078431372
0.2039215686274510
0.2392156862745098
0.2274509803921569
0.0313725490196078
0.6431372549019608
0.5764705882352941
0.1215686274509804
0.3333333333333333
0.6196078431372549
0.9019607843137255
0.1725490196078431
0.3764705882352941
0.9803921568627451
0.4901960784313725
0.7098039215686275
0.8078431372549020
0.4784313725490196
0.5607843137254902
0.1803921568627451
0.3137254901960784
0.5411764705882353
0.3254901960784314
0.5019607843137255
0.6901960784313725
0.9411764705882353
0.5215686274509804
0.5803921568627451
0.1960784313725490
0.1647058823529412
0.0941176470588235
0.6549019607843137
0.1725490196078431
0.2705882352941176
0.5647058823529412
0.3960784313725490
0.6627450980392157
0.3450980392156863
0.4313725490196079
0.7098039215686275
0.1960784313725490
0.2274509803921569
0.5019607843137255
0.6156862745098040
0.1725490196078431
0.0823529411764706
0.9058823529411765
0.3411764705882353
0.6078431372549019
0.0392156862745098
0.6352941176470588
0.2274509803921569
0.6980392156862745
0.1411764705882353
0.7333333333333333
0.1058823529411765
0.4117647058823529
0.4980392156862745
0.7450980392156863
0.4980392156862745
0.9882352941176471
0.4313725490196079
0.2705882352941176
0.3254901960784314
0.1764705882352941
0.5137254901960784
0.0823529411764706
0.8274509803921568
0.3843137254901961
0.7843137254901961
0.5058823529411764
0.3411764705882353
0.4235294117647059
0.1137254901960784
0.4745098039215686
0.6156862745098040
0.8941176470588236
0.0000000000000000
0.2470588235294118
0.4313725490196079
0.6274509803921569
0.2039215686274510
0.5372549019607843
0.5176470588235295
0.2666666666666667
0.2313725490196079
0.2549019607843137
0.1725490196078431
0.8352941176470589
0.3843137254901961
0.5647058823529412
0.2745098039215687
0.0666666666666667
0.5176470588235295
0.3019607843137255
0.5921568627450980
0.8666666666666667
0.8352941176470589
0.0823529411764706
0.3333333333333333
0.5647058823529412
0.6745098039215687
0.2313725490196079
0.0392156862745098
0.5686274509803921
0.1372549019607843
0.8862745098039215
0.5843137254901961
0.8745098039215686
0.8941176470588236
0.7450980392156863
0.1176470588235294
0.0823529411764706
0.4745098039215686
0.3764705882352941
0.6627450980392157
0.0588235294117647
0.0509803921568627
0.4000000000000000
0.0588235294117647
0.8588235294117647
0.0313725490196078
0.0313725490196078
0.7098039215686275
0.1490196078431373
0.6352941176470588
0.6352941176470588
0.3254901960784314
0.5882352941176471
0.0588235294117647
0.5725490196078431
0.8156862745098039
0.8941176470588236
0.6823529411764706
0.2196078431372549
0.8117647058823529
0.0313725490196078
0.8980392156862745
-0.0384134112658177
-0.8374123655948253
-0.4263888650505763
-0.5262637343417021
-0.4148648416708309
-0.9219218703796243
-0.6760760382783911
-0.5877251923670105
-0.7029654261644634
-0.3572447247721044
-0.5377877577214475
-0.8681430946074795
-0.9372872348859514
-0.3495620425189409
-0.5608358044809381
-0.0653027991518901
-0.1613363273164342
-0.6683933560252276
-0.2919419256202143
-0.3495620425189409
-0.2573698554809785
-0.1843843740759248
-0.8566190712277343
-0.6645520148986459
-0.7336961551771177
-0.6952827439113001
-0.8643017534808977
-0.3380380191391956
-0.0384134112658177
-0.2573698554809785
-0.3879754537847585
-0.0653027991518901
-0.2650525377341420
-0.8758257768606431
-0.6760760382783911
-0.3879754537847585
-0.5608358044809381
-0.7029654261644634
-0.8681430946074795
-0.2842592433670508
-0.9296045526327877
-0.6069318979999194
-0.9219218703796243
-0.1728603506961796
-0.0653027991518901
-0.1421296216835254
-0.1306055983037801
-0.3802927715315950
-0.7221721317973724
-0.1229229160506166
-0.5493117811011927
-0.4263888650505763
-0.8450950478479889
-0.7183307906707905
-0.5915665334935922
-0.7567442019366083
-0.4686436174429757
-0.2881005844936326
-0.7452201785568630
-0.3802927715315950
-0.0921921870379624
-0.4225475239239945
-0.5569944633543563
-0.4379128884303216
-0.2189564442151608
-0.0460960935189812
-0.8988738236201336
-0.1075575515442895
-0.0192067056329088
-0.1382882805569436
-0.0653027991518901
-0.2957832667467961
-0.0729854814050536
-0.5877251923670105
-0.9757006461517691
-0.5723598278606835
-0.0729854814050536
-0.4148648416708309
-0.2804179022404690
-0.6453453092657370
-0.7989989543290077
-0.1728603506961796
-0.2343218087214879
-0.5800425101138469
-0.4801676408227210
-0.5992492157467558
-0.7567442019366083
-0.8758257768606431
-0.0384134112658177
-0.3879754537847585
-0.9795419872783508
-0.7068067672910452
-0.0307307290126541
-0.3841341126581768
-0.8105229777087529
-0.0883508459113806
-0.0653027991518901
-0.1344469394303619
-0.4955330053290480
-0.2842592433670508
-0.6722346971518093
-0.2112737619619972
-0.5262637343417021
-0.3841341126581768
-0.6914414027847182
-0.7913162720758442
-0.1728603506961796
-0.5992492157467558
-0.6338212858859917
-0.8450950478479889
-0.3879754537847585
-0.7336961551771177
-0.1690190095695978
-0.1690190095695978
-0.7029654261644634
-0.1920670563290884
-0.6030905568733376
-0.3303553368860321
-0.0499374346455630
-0.6914414027847182
-0.0960335281645442
-0.5185810520885387
-0.6760760382783911
-0.6760760382783911
-0.5262637343417021
-0.2496871732278149
-0.3764514304050133
-0.7529028608100266
-0.3687687481518497
-0.9296045526327877
-0.3188313135062867
-0.4263888650505763
-0.0537787757721447
-0.0806681636582171
-0.7221721317973724
-0.6338212858859917
-0.9757006461517691
-0.1690190095695978
-0.4532782529366486
-0.0192067056329088
-0.1344469394303619
-0.3380380191391956
-0.6453453092657370
-0.5762011689872653
-0.3226726546328685
-0.6952827439113001
-0.0998748692911260
-0.8758257768606431
-0.3610860658986862
-0.4110235005442492
-0.4571195940632304
-0.0845095047847989
-0.5646771456075198
-0.7068067672910452
-0.2496871732278149
-0.8258883422150801
-0.1959083974556702
-0.3341966780126138
-0.0845095047847989
-0.2996246078733779
-0.3073072901265414
-0.8143643188353349
-0.0537787757721447
-0.1267642571771984
-0.6722346971518093
-0.8489363889745708
-0.0307307290126541
-0.2573698554809785
-0.1613363273164342
-0.2458458321012331
-0.1767016918227613
-0.1306055983037801
-0.9372872348859514
-0.3879754537847585
-0.3841341126581768
-0.4033408182910856
-0.6760760382783911
-0.1113988926708713
-0.6607106737720642
-0.1267642571771984
-0.1767016918227613
-0.1843843740759248
-0.1152402337974530
-0.7951576132024258
-0.8374123655948253
-0.6107732391265011
-0.2151151030885790
-0.1959083974556702
-0.4609609351898121
-0.7682682253163535
-0.5569944633543563
-0.7567442019366083
-0.5569944633543563
-0.1152402337974530
-0.7221721317973724
-0.8988738236201336
-0.2496871732278149
-0.3879754537847585
-0.8143643188353349
-0.5646771456075198
-0.2496871732278149
-0.6952827439113001
-0.6261386036328281
-0.6491866503923187
-0.2688938788607237
-0.0614614580253083
-0.5224223932151204
-0.0230480467594906
-0.9257632115062060
-0.6453453092657370
-0.0614614580253083
-0.9488112582656967
-0.9027151647467154
-0.2804179022404690
-0.6453453092657370
-0.0998748692911260
-0.8604604123543159
-0.0076826822531635
-0.3226726546328685
-0.0960335281645442
-0.0998748692911260
-0.0998748692911260
-0.4071821594176674
-0.0653027991518901
-0.1459709628101072
-0.3994994771645038
-0.5915665334935922
-0.8335710244682436
-0.9180805292530425
-0.1075575515442895
-0.0614614580253083
-0.6107732391265011
-0.6722346971518093
-0.4455955706834850
-0.0653027991518901
-0.0000000000000000
-0.7797922486960989
-0.2343218087214879
-0.0153653645063271
-0.1536536450632707
-0.3341966780126138
-0.0614614580253083
-0.6645520148986459
-0.1997497385822519
-0.1728603506961796
-0.3265139957594502
-0.1459709628101072
-0.6837587205315546
-0.5723598278606835
-0.1651776684430160
-0.4609609351898121
-0.9680179638986055
-0.6261386036328281
-0.5685184867341017
-0.7913162720758442
-0.3879754537847585
-0.3111486312531232
-0.9603352816454419
-0.7029654261644634
-0.1767016918227613
-0.0998748692911260
-0.1113988926708713
-0.0691441402784718
-0.2727352199873055
-0.6491866503923187
-0.1344469394303619
-0.8374123655948253
-0.4302302061771580
-0.2343218087214879
-0.5070570287087934
-0.4263888650505763
-0.4609609351898121
-0.0998748692911260
-0.9488112582656967
-0.4916916642024662
-0.3764514304050133
-0.8873498002403885
-0.8758257768606431
-0.4187061827974127
-0.7951576132024258
-0.8988738236201336
-0.0307307290126541
-0.4494369118100668
-0.8873498002403885
-0.0153653645063271
-0.0384134112658177
-0.2727352199873055
-0.2765765611138873
-0.0921921870379624
-0.3303553368860321
-0.5915665334935922
-0.3111486312531232
-0.8028402954555894
-0.2612111966075602
-0.9757006461517691
-0.2189564442151608
-0.3149899723797050
-0.5454704399746111
-0.3764514304050133
-0.3687687481518497
-0.3265139957594502
-0.1920670563290884
-0.3649274070252680
-0.2496871732278149
-0.1190815749240348
-0.7413788374302811
-0.7721095664429353
-0.2842592433670508
-0.8681430946074795
-0.1113988926708713
-0.6376626270125735
-0.1997497385822519
-0.9103978469998790
-0.7183307906707905
-0.6607106737720642
-0.2266391264683243
-0.0921921870379624
-0.1459709628101072
-0.3111486312531232
-0.8988738236201336
-0.1767016918227613
-0.3994994771645038
-0.1075575515442895
-0.3534033836455226
-0.1536536450632707
-0.3034659489999597
-0.5762011689872653
-0.3956581360379221
-0.8335710244682436
-0.0806681636582171
-0.2727352199873055
-0.0000000000000000
-0.1306055983037801
-0.7797922486960989
-0.5339464165948656
-0.3610860658986862
-0.0729854814050536
-0.3226726546328685
-0.4417542295569033
-0.4494369118100668
-0.0921921870379624
-0.0537787757721447
-0.5301050754682840
-0.7221721317973724
-0.6338212858859917
-0.4609609351898121
-0.5070570287087934
-0.6453453092657370
-0.4148648416708309
-0.2189564442151608
-0.0384134112658177
-0.9795419872783508
-0.7336961551771177
-0.9219218703796243
-0.1113988926708713
-0.8835084591138066
-0.9296045526327877
-0.6222972625062464
-0.8643017534808977
-0.1728603506961796
-0.9680179638986055
-0.7989989543290077
-0.5685184867341017
-0.2189564442151608
-0.8412537067214071
-0.6991240850378818
-0.1920670563290884
-0.7029654261644634
-0.8489363889745708
-0.8182056599619166
-0.8335710244682436
-0.7490615196834447
-0.9372872348859514
-0.2688938788607237
-0.7951576132024258
-0.4993743464556298
-0.8681430946074795
-0.5992492157467558
-0.2688938788607237
-0.3918167949113404
-0.0537787757721447
-0.3380380191391956
-0.8028402954555894
-0.8258883422150801
-0.6722346971518093
-0.7452201785568630
-0.0921921870379624
-0.3226726546328685
-0.9257632115062060
-0.1882257152025066
-0.7874749309492625
-0.7068067672910452
-0.8489363889745708
-0.5108983698353752
-0.1459709628101072
-0.8681430946074795
-0.1382882805569436
-0.4724849585695575
-0.2496871732278149
-0.0729854814050536
-0.7682682253163535
-0.9027151647467154
-0.5377877577214475
-0.1306055983037801
-0.1459709628101072
-0.2573698554809785
-0.4340715473037398
-0.0729854814050536
-0.7644268841897719
-0.6952827439113001
-0.6568693326454823
-0.9219218703796243
-0.7874749309492625
-0.7183307906707905
-0.4686436174429757
-0.8182056599619166
-0.5877251923670105
-0.3994994771645038
-0.4648022763163939
-0.8450950478479889
-0.5800425101138469
-0.4302302061771580
-0.9795419872783508
-0.6338212858859917
-0.7452201785568630
-0.6952827439113001
-0.4763262996961392
-0.0460960935189812
-0.0537787757721447
-0.7913162720758442
-0.6299799447594100
-0.4340715473037398
-0.4033408182910856
-0.4916916642024662
-0.2151151030885790
-0.1152402337974530
-0.6376626270125735
-0.0268893878860724
-0.5877251923670105
-0.7759509075695170
-0.2266391264683243
-0.1267642571771984
-0.1306055983037801
-0.0537787757721447
-0.0076826822531635
-0.1421296216835254
-0.9564939405188602
-0.3265139957594502
-0.9449699171391149
-0.6837587205315546
-0.4801676408227210
-0.4648022763163939
-0.2919419256202143
-0.9103978469998790
-0.0460960935189812
-0.2765765611138873
-0.3572447247721044
-0.3380380191391956
-0.8335710244682436
-0.2688938788607237
-0.0998748692911260
-0.4148648416708309
-0.2650525377341420
-0.0153653645063271
-0.1920670563290884
-0.8028402954555894
-0.8374123655948253
-0.6376626270125735
-0.1997497385822519
-0.2573698554809785
-0.6991240850378818
-0.5992492157467558
-0.0998748692911260
-0.0537787757721447
-0.9680179638986055
-0.8335710244682436
-0.2112737619619972
-0.2420044909746514
-0.6914414027847182
-0.2420044909746514
-0.6030905568733376
-0.8835084591138066
-0.7529028608100266
-0.0729854814050536
-0.2304804675949061
-0.4916916642024662
-0.1728603506961796
-0.3610860658986862
-0.3265139957594502
-0.4379128884303216
-0.1728603506961796
-0.1152402337974530
-0.5569944633543563
-0.1306055983037801
-0.9027151647467154
-0.4455955706834850
-0.5569944633543563
-0.0998748692911260
-0.3111486312531232
-0.8258883422150801
-0.2612111966075602
-0.8374123655948253
-0.6453453092657370
-0.0806681636582171
-0.3226726546328685
-0.2496871732278149
-0.8374123655948253
-0.2765765611138873
-0.4110235005442492
-0.2919419256202143
-0.6837587205315546
-0.6299799447594100
-0.0230480467594906
-0.4916916642024662
-0.5646771456075198
-0.4916916642024662
-0.1728603506961796
-0.0038413411265818
-0.1075575515442895
-0.0000000000000000
-0.3572447247721044
-0.8950324824935518
-0.5224223932151204
-0.1382882805569436
-0.5608358044809381
-0.0499374346455630
-0.8220470010884984
-0.5723598278606835
-0.4417542295569033
-0.2304804675949061
-0.2227977853417425
-0.5147397109619569
-0.4916916642024662
-0.8643017534808977
-0.9411285760125332
-0.8950324824935518
-0.5377877577214475
-0.2612111966075602
-0.5377877577214475
-0.0268893878860724
-0.2650525377341420
-0.9180805292530425
-0.2074324208354154
-0.6952827439113001
-0.2420044909746514
-0.5685184867341017
-0.9372872348859514
-0.6146145802530828
-0.4993743464556298
-0.1767016918227613
-0.7567442019366083
-0.9103978469998790
-0.6991240850378818
-0.0883508459113806
-0.7529028608100266
-0.8412537067214071
-0.7567442019366083
-0.3303553368860321
-0.8412537067214071
-0.2957832667467961
-0.6914414027847182
-0.6146145802530828
-0.5954078746201740
-0.5377877577214475
-0.6453453092657370
-0.9411285760125332
-0.7644268841897719
-0.1536536450632707
-0.1344469394303619
-0.6030905568733376
-0.0460960935189812
-0.6453453092657370
-0.2804179022404690
-0.0230480467594906
-0.3994994771645038
-0.8258883422150801
-0.3802927715315950
-0.1382882805569436
-0.1421296216835254
-0.4686436174429757
-0.3418793602657773
-0.6261386036328281
-0.0614614580253083
-0.0806681636582171
-0.8796671179872249
-0.2151151030885790
-0.7144894495442088
-0.1152402337974530
-0.2612111966075602
-0.3303553368860321
-0.6146145802530828
-0.8681430946074795
-0.9103978469998790
-0.0729854814050536
-0.1498123039366890
-0.0845095047847989
-0.7452201785568630
-0.9372872348859514
-0.1190815749240348
-0.8489363889745708
-0.2151151030885790
-0.0921921870379624
-0.1459709628101072
-0.8335710244682436
-0.5262637343417021
-0.3073072901265414
-0.1690190095695978
-0.2266391264683243
-0.5070570287087934
-0.1344469394303619
-0.0537787757721447
-0.0384134112658177
-0.9603352816454419
-0.5454704399746111
-0.0460960935189812
-0.1613363273164342
-0.6415039681391552
-0.7413788374302811
-0.0806681636582171
-0.0076826822531635
-0.4801676408227210
-0.1997497385822519
-0.5301050754682840
-0.2074324208354154
-0.4916916642024662
-0.0230480467594906
-0.7682682253163535
-0.1229229160506166
-0.9411285760125332
-0.7260134729239541
-0.2035910797088337
-0.9065565058732973
-0.6415039681391552
-0.1767016918227613
-0.0345720701392359
-0.1190815749240348
-0.3265139957594502
-0.8374123655948253
-0.5762011689872653
-0.2804179022404690
-0.4801676408227210
-0.8681430946074795
-0.9488112582656967
-0.1306055983037801
-0.9795419872783508
-0.1344469394303619
-0.1498123039366890
-0.5224223932151204
-0.5531531222277746
-0.7682682253163535
-0.4763262996961392
-0.1767016918227613
-0.0806681636582171
-0.6261386036328281
-0.8604604123543159
-0.0076826822531635
-0.4302302061771580
-0.2535285143543967
-0.3457207013923591
-0.1767016918227613
-0.5685184867341017
-0.5493117811011927
-0.8412537067214071
-0.5608358044809381
-0.1037162104177077
-0.8835084591138066
-0.2343218087214879
-0.7721095664429353
-0.0998748692911260
-0.8220470010884984
-0.4571195940632304
-0.9603352816454419
-0.6261386036328281
-0.9219218703796243
-0.0921921870379624
-0.7644268841897719
-0.8412537067214071
-0.8988738236201336
-0.4993743464556298
-0.5531531222277746
-0.0384134112658177
-0.9795419872783508
-0.8450950478479889
-0.6837587205315546
-0.5262637343417021
-0.1767016918227613
-0.2420044909746514
-0.3726100892784315
-0.7567442019366083
-0.5377877577214475
-0.0000000000000000
-0.1459709628101072
-0.3418793602657773
-0.8988738236201336
-0.3226726546328685
-0.1267642571771984
-0.3149899723797050
-0.6645520148986459
-0.0268893878860724
-0.8950324824935518
-0.0921921870379624
-0.7221721317973724
-0.3802927715315950
-0.8374123655948253
-0.3649274070252680
-0.8374123655948253
-0.6146145802530828
-0.9757006461517691
-0.4648022763163939
-0.8566190712277343
-0.5454704399746111
-0.4455955706834850
-0.2304804675949061
-0.4148648416708309
-0.0998748692911260
-0.2957832667467961
-0.0153653645063271
-0.7452201785568630
-0.7144894495442088
-0.5070570287087934
-0.4148648416708309
-0.2343218087214879
-0.1805430329493431
-0.4532782529366486
-0.8335710244682436
-0.4417542295569033
-0.4110235005442492
-0.3572447247721044
-0.8796671179872249
-0.3764514304050133
-0.0806681636582171
-0.0729854814050536
-0.1651776684430160
-0.0345720701392359
-0.5646771456075198
-0.7413788374302811
-0.0576201168987265
-0.8489363889745708
-0.3534033836455226
-0.8950324824935518
-0.4417542295569033
-0.2842592433670508
-0.8988738236201336
-0.1267642571771984
-0.9257632115062060
-0.7644268841897719
-0.6338212858859917
-0.5454704399746111
-0.3226726546328685
-0.7682682253163535
-0.0422547523923994
-0.8643017534808977
-0.6299799447594100
-0.9795419872783508
-0.6107732391265011
-0.1459709628101072
-0.9757006461517691
-0.7529028608100266
-0.3034659489999597
-0.5032156875822116
-0.3841341126581768
-0.1190815749240348
-0.0921921870379624
-0.1113988926708713
-0.0614614580253083
-0.3073072901265414
-0.5070570287087934
-0.3341966780126138
-0.2727352199873055
-0.6991240850378818
-0.1382882805569436
-0.0614614580253083
-0.5954078746201740
-0.0653027991518901
-0.6299799447594100
-0.2420044909746514
-0.6222972625062464
-0.0614614580253083
-0.9449699171391149
-0.0192067056329088
-0.0307307290126541
-0.3188313135062867
-0.4187061827974127
-0.0921921870379624
-0.9488112582656967
-0.0230480467594906
-0.1690190095695978
-0.1651776684430160
-0.4494369118100668
-0.0883508459113806
-0.3341966780126138
-0.7336961551771177
-0.6299799447594100
-0.3418793602657773
-0.2842592433670508
-0.2919419256202143
-0.3418793602657773
-0.8950324824935518
-0.5877251923670105
-0.0422547523923994
-0.2727352199873055
-0.2650525377341420
-0.3956581360379221
-0.5685184867341017
-0.4302302061771580
-0.9257632115062060
-0.0153653645063271
-0.7567442019366083
-0.6876000616581364
-0.7989989543290077
-0.2650525377341420
-0.7721095664429353
-0.7759509075695170
-0.0998748692911260
-0.6760760382783911
-0.0729854814050536
-0.7682682253163535
-0.4494369118100668
-0.5032156875822116
-0.5224223932151204
-0.7682682253163535
-0.0192067056329088
-0.8412537067214071
-0.3149899723797050
-0.3764514304050133
-0.4801676408227210
-0.1344469394303619
-0.6914414027847182
-0.3034659489999597
-0.7183307906707905
-0.6146145802530828
-0.5569944633543563
-0.1190815749240348
-0.0921921870379624
-0.8950324824935518
-0.0422547523923994
-0.1190815749240348
-0.1459709628101072
-0.9257632115062060
-0.1805430329493431
-0.2881005844936326
-0.8450950478479889
-0.9296045526327877
-0.8950324824935518
-0.9103978469998790
-0.1728603506961796
-0.3495620425189409
-0.0076826822531635
-0.2727352199873055
-0.8758257768606431
-0.9641766227720237
-0.9449699171391149
-0.6760760382783911
-0.4955330053290480
-0.0845095047847989
-0.5301050754682840
-0.4648022763163939
-0.3610860658986862
-0.0192067056329088
-0.4916916642024662
-0.9257632115062060
-0.0883508459113806
-0.3303553368860321
-0.1959083974556702
-0.0192067056329088
-0.3687687481518497
-0.1190815749240348
-0.8450950478479889
-0.7874749309492625
-0.7298548140505360
-0.3111486312531232
-0.6914414027847182
-0.5339464165948656
-0.3726100892784315
-0.0845095047847989
-0.2535285143543967
-0.5301050754682840
-0.5646771456075198
-0.0806681636582171
-0.2266391264683243
-0.2458458321012331
-0.4225475239239945
-0.8758257768606431
-0.0499374346455630
-0.8028402954555894
-0.4494369118100668
-0.6837587205315546
-0.3534033836455226
-0.3802927715315950
-0.5032156875822116
-0.6645520148986459
-0.0422547523923994
-0.5147397109619569
-0.6453453092657370
-0.4455955706834850
-0.2227977853417425
-0.2074324208354154
-0.3918167949113404
-0.3418793602657773
-0.0729854814050536
-0.7221721317973724
-0.7989989543290077
-0.0806681636582171
-0.6914414027847182
-0.1920670563290884
-0.1459709628101072
-0.5070570287087934
-0.8873498002403885
-0.1574949861898525
-0.0422547523923994
-0.7452201785568630
-0.9065565058732973
-0.7029654261644634
-0.0576201168987265
-0.4302302061771580
-0.1882257152025066
-0.1190815749240348
-0.4033408182910856
-0.7452201785568630
-0.1805430329493431
-0.9065565058732973
-0.5877251923670105
-0.4148648416708309
-0.8143643188353349
-0.1344469394303619
-0.4993743464556298
-0.0537787757721447
-0.6568693326454823
-0.4110235005442492
-0.4302302061771580
-0.6453453092657370
-0.2458458321012331
-0.3610860658986862
-0.0576201168987265
-0.3495620425189409
-0.9296045526327877
-0.0921921870379624
-0.6607106737720642
-0.2612111966075602
-0.1229229160506166
-0.5147397109619569
-0.6415039681391552
-0.0768268225316353
-0.6952827439113001
-0.8566190712277343
-0.2189564442151608
-0.9449699171391149
-0.2304804675949061
-0.3457207013923591
-0.3918167949113404
-0.3380380191391956
-0.2151151030885790
-0.9757006461517691
-0.1113988926708713
-0.6069318979999194
-0.4148648416708309
-0.0537787757721447
-0.3841341126581768
-0.0729854814050536
-0.2189564442151608
-0.6876000616581364
-0.6069318979999194
-0.5800425101138469
-0.9065565058732973
-0.0576201168987265
-0.3687687481518497
-0.2266391264683243
-0.5493117811011927
-0.6952827439113001
-0.9219218703796243
-0.3265139957594502
-0.3879754537847585
-0.0768268225316353
-0.5685184867341017
-0.0460960935189812
-0.1113988926708713
-0.7874749309492625
-0.5185810520885387
-0.1767016918227613
-0.5992492157467558
-0.1344469394303619
-0.4455955706834850
-0.0076826822531635
-0.3534033836455226
-0.7721095664429353
-0.0806681636582171
-0.7452201785568630
-0.2573698554809785
-0.0576201168987265
-0.3418793602657773
-0.3841341126581768
-0.2266391264683243
-0.0653027991518901
-0.6760760382783911
-0.1344469394303619
-0.7029654261644634
-0.1152402337974530
-0.0691441402784718
-0.9488112582656967
-0.0691441402784718
-0.3764514304050133
-0.0576201168987265
-0.9757006461517691
-0.6991240850378818
-0.2458458321012331
-0.4801676408227210
-0.3956581360379221
-0.5762011689872653
-0.3687687481518497
-0.5301050754682840
-0.4648022763163939
-0.4686436174429757
-0.4878503230758846
-0.8566190712277343
-0.9757006461517691
-0.8374123655948253
-0.0998748692911260
-0.6338212858859917
-0.4340715473037398
-0.9795419872783508
-0.0384134112658177
-0.0653027991518901
-0.3687687481518497
-0.4609609351898121