0.6588235294117647
0.0745098039215686
0.2980392156862745
0.2039215686274510
0.6156862745098040
0.1098039215686274
0.8745098039215686
0.1607843137254902
0.1098039215686274
0.8980392156862745
0.4313725490196079
0.0431372549019608
0.3607843137254902
0.2588235294117647
0.9411764705882353
0.1764705882352941
0.6156862745098040
0.9568627450980393
0.7019607843137254
0.7333333333333333
0.2078431372549020
0.4000000000000000
0.4627450980392157
0.7921568627450980
0.7647058823529411
0.0941176470588235
0.0313725490196078
0.7294117647058823
0.2470588235294118
0.6980392156862745
0.1176470588235294
0.7098039215686275
0.2980392156862745
0.9882352941176471
0.0196078431372549
0.2666666666666667
0.3960784313725490
0.5803921568627451
0.3254901960784314
0.8745098039215686
0.4980392156862745
0.0039215686274510
0.1960784313725490
0.5254901960784314
0.9647058823529412
0.0313725490196078
0.9764705882352941
0.4901960784313725
0.2784313725490196
0.7647058823529411
0.8352941176470589
0.7490196078431373
0.5372549019607843
0.8980392156862745
0.2941176470588235
0.6784313725490196
0.6078431372549019
0.7411764705882353
0.5215686274509804
0.3960784313725490
0.9882352941176471
0.5490196078431373
0.6156862745098040
0.2000000000000000
0.0980392156862745
0.3137254901960784
0.5098039215686274
0.7607843137254902
0.2313725490196079
0.0000000000000000
0.0862745098039216
0.6627450980392157
0.8588235294117647
0.4705882352941176
0.7176470588235294
0.8627450980392157
0.0039215686274510
0.0470588235294118
0.3803921568627451
0.3294117647058823
0.9607843137254902
0.5568627450980392
0.6509803921568628
0.0823529411764706
0.2980392156862745
0.7176470588235294
0.0823529411764706
0.6705882352941176
0.2235294117647059
0.0392156862745098
0.2274509803921569
0.1647058823529412
0.6352941176470588
0.2352941176470588
0.4627450980392157
0.4666666666666667
0.8549019607843137
0.0431372549019608
0.1372549019607843
0.3529411764705883
0.3725490196078431
0.1333333333333333
0.7647058823529411
0.9490196078431372
0.1725490196078431
0.2000000000000000
0.8196078431372549
0.4313725490196079
0.2235294117647059
0.2980392156862745
0.3764705882352941
0.6470588235294118
0.4980392156862745
0.1490196078431373
0.9254901960784314
0.6745098039215687
0.9058823529411765
0.6862745098039216
0.2823529411764706
0.4352941176470588
0.5568627450980392
0.8549019607843137
0.5764705882352941
0.1803921568627451
0.0470588235294118
0.0470588235294118
0.5176470588235295
0.6078431372549019
0.3372549019607843
0.4078431372549020
0.6549019607843137
0.9607843137254902
0.8509803921568627
0.7176470588235294
0.4627450980392157
0.5764705882352941
0.0196078431372549
0.0627450980392157
0.1137254901960784
0.8352941176470589
0.8549019607843137
0.1137254901960784
0.1333333333333333
0.2000000000000000
1.0000000000000000
0.2000000000000000
0.7490196078431373
0.1960784313725490
0.5490196078431373
0.3529411764705883
0.1529411764705882
0.0352941176470588
0.1686274509803922
0.8823529411764706
0.5137254901960784
0.0509803921568627
0.3372549019607843
0.4235294117647059
0.3333333333333333
0.2549019607843137
0.0823529411764706
0.2823529411764706
0.1137254901960784
0.2941176470588235
0.5333333333333333
0.1803921568627451
0.1372549019607843
0.8588235294117647
0.5098039215686274
0.9568627450980393
0.4274509803921568
0.9058823529411765
0.5176470588235295
0.5098039215686274
0.9215686274509803
0.3764705882352941
0.8039215686274510
0.9882352941176471
0.1333333333333333
0.2352941176470588
0.3529411764705883
0.3725490196078431
0.0078431372549020
0.2823529411764706
0.4196078431372549
0.2862745098039216
0.3372549019607843
0.0039215686274510
0.9568627450980393
0.1372549019607843
0.2196078431372549
0.8352941176470589
0.8039215686274510
0.8352941176470589
1.0000000000000000
0.7137254901960784
0.9137254901960784
0.5490196078431373
0.0862745098039216
0.2745098039215687
0.0470588235294118
0.3647058823529412
0.5411764705882353
0.0313725490196078
0.4117647058823529
0.6196078431372549
0.3803921568627451
0.6352941176470588
0.7843137254901961
0.5647058823529412
0.1176470588235294
0.5137254901960784
0.0549019607843137
0.0156862745098039
0.4901960784313725
0.2352941176470588
0.5333333333333333
0.6509803921568628
0.0274509803921569
0.0823529411764706
0.5568627450980392
0.7019607843137254
0.0745098039215686
0.5686274509803921
0.2039215686274510
0.4549019607843137
0.2980392156862745
0.1019607843137255
0.4117647058823529
0.1019607843137255
0.0705882352941176
0.0156862745098039
0.2705882352941176
0.0941176470588235
0.1098039215686274
0.1686274509803922
0.0823529411764706
0.6392156862745098
0.3254901960784314
0.5921568627450980
0.6862745098039216
0.5215686274509804
0.0980392156862745
0.8392156862745098
0.3450980392156863
0.2392156862745098
0.1254901960784314
0.8941176470588236
0.5450980392156862
0.0588235294117647
0.5019607843137255
0.1843137254901961
0.9607843137254902
0.4745098039215686
0.3450980392156863
0.9372549019607843
0.6901960784313725
0.4156862745098039
0.6862745098039216
0.1019607843137255
0.7294117647058823
0.9764705882352941
0.9843137254901960
0.1803921568627451
0.3529411764705883
0.6588235294117647
0.0627450980392157
0.9254901960784314
0.5450980392156862
0.8313725490196079
0.0509803921568627
0.9450980392156862
0.5411764705882353
0.6431372549019608
0.1960784313725490
0.1647058823529412
0.9411764705882353
0.5137254901960784
0.3254901960784314
0.7803921568627451
0.0941176470588235
0.3098039215686275
0.1803921568627451
0.2039215686274510
0.6196078431372549
0.0392156862745098
0.4588235294117647
0.4117647058823529
0.2705882352941176
0.6980392156862745
0.9058823529411765
0.3137254901960784
0.8549019607843137
0.5411764705882353
0.6901960784313725
0.4588235294117647
0.5450980392156862
0.0039215686274510
0.0392156862745098
0.7098039215686275
0.6980392156862745
0.0196078431372549
0.3254901960784314
0.5607843137254902
0.8039215686274510
0.3411764705882353
0.6549019607843137
0.8196078431372549
0.6980392156862745
0.0196078431372549
0.2862745098039216
0.0901960784313725
0.4078431372549020
0.2745098039215687
0.4509803921568628
0.9411764705882353
0.7333333333333333
0.5843137254901961
0.9490196078431372
0.9764705882352941
0.7098039215686275
0.4000000000000000
0.8627450980392157
0.5176470588235295
0.5725490196078431
0.0470588235294118
0.7647058823529411
0.5058823529411764
0.4784313725490196
0.7019607843137254
0.0627450980392157
0.2235294117647059
0.6431372549019608
0.3450980392156863
0.4117647058823529
0.3294117647058823
0.0509803921568627
0.2156862745098039
0.1254901960784314
0.4156862745098039
0.5764705882352941
0.5411764705882353
0.4156862745098039
0.2156862745098039
0.2666666666666667
0.0980392156862745
0.8509803921568627
0.0392156862745098
0.7450980392156863
0.0549019607843137
0.2549019607843137
0.5333333333333333
0.8392156862745098
0.0274509803921569
0.8627450980392157
0.4705882352941176
0.0431372549019608
0.6117647058823530
0.4117647058823529
0.1019607843137255
0.7647058823529411
0.1882352941176471
0.1529411764705882
0.1764705882352941
0.9686274509803922
0.1882352941176471
0.9490196078431372
0.2588235294117647
0.9294117647058824
0.2274509803921569
0.3333333333333333
0.4470588235294118
0.1843137254901961
0.7882352941176470
0.4666666666666667
0.7176470588235294
0.1803921568627451
0.4705882352941176
0.4666666666666667
0.2235294117647059
0.2117647058823529
0.7607843137254902
0.7019607843137254
0.6000000000000000
0.1372549019607843
0.1568627450980392
0.5333333333333333
0.6235294117647059
0.4156862745098039
0.5647058823529412
0.2823529411764706
0.9490196078431372
0.1568627450980392
0.2549019607843137
0.1098039215686274
0.1137254901960784
0.3058823529411765
0.6980392156862745
0.1686274509803922
0.5882352941176471
0.5058823529411764
0.1254901960784314
0.7294117647058823
0.0509803921568627
0.9058823529411765
0.1176470588235294
0.4156862745098039
0.4431372549019608
0.1333333333333333
0.1098039215686274
0.2078431372549020
0.0274509803921569
0.1803921568627451
0.0901960784313725
0.0666666666666667
0.6196078431372549
0.9882352941176471
0.3333333333333333
0.0549019607843137
0.3294117647058823
0.6705882352941176
0.6196078431372549
0.4000000000000000
0.9176470588235294
0.3647058823529412
0.1568627450980392
0.4588235294117647
0.3372549019607843
0.3764705882352941
0.5058823529411764
0.6980392156862745
0.0980392156862745
0.5176470588235295
0.0392156862745098
0.3411764705882353
0.1137254901960784
0.9803921568627451
0.0000000000000000
0.1450980392156863
0.8941176470588236
0.1058823529411765
0.6000000000000000
0.5333333333333333
0.0509803921568627
0.9450980392156862
0.2784313725490196
0.2000000000000000
0.0784313725490196
0.8784313725490196
0.9490196078431372
0.3960784313725490
0.9450980392156862
0.7843137254901961
0.4745098039215686
0.2509803921568627
0.5215686274509804
0.0431372549019608
0.6549019607843137
0.1254901960784314
0.7176470588235294
0.3450980392156863
0.7372549019607844
0.1450980392156863
0.0588235294117647
0.6156862745098040
0.2392156862745098
0.6901960784313725
0.7294117647058823
0.5372549019607843
0.6039215686274509
0.7411764705882353
0.6901960784313725
0.5411764705882353
0.2274509803921569
0.7568627450980392
0.3764705882352941
0.0196078431372549
0.1568627450980392
0.2274509803921569
0.9960784313725490
0.5372549019607843
0.4352941176470588
0.5803921568627451
0.7411764705882353
0.2941176470588235
0.7215686274509804
0.3725490196078431
0.4705882352941176
0.2627450980392157
0.2117647058823529
0.2705882352941176
0.2901960784313726
0.1882352941176471
0.5607843137254902
0.7215686274509804
0.4509803921568628
0.2274509803921569
0.9764705882352941
0.8784313725490196
0.0078431372549020
0.0666666666666667
0.9450980392156862
0.5333333333333333
0.5098039215686274
0.2196078431372549
0.1450980392156863
0.6156862745098040
0.5490196078431373
0.0078431372549020
0.7803921568627451
0.5411764705882353
0.3686274509803922
0.0470588235294118
0.0784313725490196
0.5019607843137255
0.2549019607843137
0.7333333333333333
0.4980392156862745
0.0862745098039216
0.3137254901960784
0.9372549019607843
0.7803921568627451
0.2862745098039216
0.2588235294117647
0.5764705882352941
0.6392156862745098
0.6705882352941176
0.9568627450980393
0.9607843137254902
0.4392156862745098
0.5803921568627451
0.6901960784313725
0.6431372549019608
0.4862745098039216
0.1725490196078431
0.3450980392156863
0.4392156862745098
0.9843137254901960
0.4862745098039216
0.9058823529411765
0.9686274509803922
0.5490196078431373
0.4784313725490196
0.4588235294117647
0.7490196078431373
0.8156862745098039
0.0000000000000000
0.1411764705882353
0.2627450980392157
0.8823529411764706
0.9490196078431372
0.4392156862745098
0.7294117647058823
0.0549019607843137
0.0666666666666667
0.2470588235294118
0.2980392156862745
0.5843137254901961
0.8823529411764706
0.4588235294117647
0.0941176470588235
0.6117647058823530
0.0000000000000000
0.2901960784313726
0.3254901960784314
0.3411764705882353
0.3098039215686275
0.6745098039215687
0.0392156862745098
0.6627450980392157
0.8745098039215686
0.2509803921568627
0.0823529411764706
0.9137254901960784
0.5058823529411764
0.4745098039215686
0.4196078431372549
0.2745098039215687
0.1294117647058824
0.7960784313725490
0.1882352941176471
0.7960784313725490
0.1725490196078431
0.4745098039215686
0.3764705882352941
0.5686274509803921
0.6274509803921569
0.1921568627450981
0.2431372549019608
0.2156862745098039
0.7960784313725490
0.3921568627450980
0.0549019607843137
0.4627450980392157
0.8941176470588236
0.2705882352941176
0.5803921568627451
0.3568627450980392
0.0352941176470588
0.2823529411764706
0.6745098039215687
0.6588235294117647
0.0941176470588235
0.2235294117647059
0.6117647058823530
0.3333333333333333
0.3137254901960784
0.2274509803921569
0.4588235294117647
0.8117647058823529
0.0470588235294118
0.2901960784313726
0.8588235294117647
0.1921568627450981
0.0588235294117647
0.3725490196078431
1.0000000000000000
0.1058823529411765
0.5450980392156862
0.8784313725490196
0.8823529411764706
0.5843137254901961
0.1803921568627451
0.2235294117647059
0.9882352941176471
0.4235294117647059
0.2666666666666667
0.2862745098039216
0.9019607843137255
0.3490196078431372
0.3764705882352941
0.4117647058823529
0.1137254901960784
0.7019607843137254
0.1764705882352941
0.7686274509803922
0.5803921568627451
0.6392156862745098
0.2000000000000000
0.6117647058823530
0.4901960784313725
0.0823529411764706
0.0980392156862745
0.5764705882352941
0.8078431372549020
0.3294117647058823
0.6470588235294118
1.0000000000000000
0.5686274509803921
0.8980392156862745
0.5647058823529412
0.5254901960784314
0.2274509803921569
0.2705882352941176
0.8823529411764706
0.6117647058823530
0.7372549019607844
0.0941176470588235
0.2862745098039216
0.2627450980392157
0.7372549019607844
0.1372549019607843
0.6392156862745098
0.5568627450980392
0.1764705882352941
0.3607843137254902
0.1450980392156863
0.8823529411764706
0.4980392156862745
0.6392156862745098
0.6000000000000000
0.2980392156862745
0.1921568627450981
0.5333333333333333
0.0941176470588235
0.3137254901960784
0.0627450980392157
0.1921568627450981
0.2235294117647059
0.1411764705882353
0.0000000000000000
0.8509803921568627
0.0941176470588235
0.9176470588235294
0.7725490196078432
0.4862745098039216
0.7843137254901961
0.7137254901960784
0.6000000000000000
0.0078431372549020
0.2980392156862745
0.7411764705882353
0.2039215686274510
0.3725490196078431
0.2235294117647059
0.0980392156862745
0.1803921568627451
0.6196078431372549
0.7372549019607844
0.8117647058823529
0.0470588235294118
0.1882352941176471
0.0431372549019608
0.4901960784313725
0.3058823529411765
0.0666666666666667
0.8627450980392157
0.9490196078431372
0.6352941176470588
0.1019607843137255
0.6509803921568628
0.6470588235294118
0.6078431372549019
0.3372549019607843
0.4000000000000000
0.8392156862745098
0.9882352941176471
0.7411764705882353
0.4235294117647059
0.0784313725490196
0.2431372549019608
0.6980392156862745
0.8627450980392157
0.3098039215686275
0.0862745098039216
0.2627450980392157
0.7568627450980392
0.1490196078431373
0.9647058823529412
0.1568627450980392
0.6549019607843137
0.7058823529411765
0.3764705882352941
0.9764705882352941
0.9058823529411765
0.6000000000000000
0.6039215686274509
0.3019607843137255
0.6823529411764706
0.2627450980392157
0.5725490196078431
0.7843137254901961
0.8196078431372549
0.7490196078431373
0.7843137254901961
0.9450980392156862
0.7686274509803922
1.0000000000000000
0.5019607843137255
0.6784313725490196
0.8980392156862745
0.1450980392156863
0.1803921568627451
0.9372549019607843
0.2000000000000000
0.6745098039215687
0.1803921568627451
0.9294117647058824
0.5450980392156862
0.4352941176470588
0.9882352941176471
0.0274509803921569
1.0000000000000000
0.9490196078431372
0.1019607843137255
0.7725490196078432
0.4431372549019608
0.8980392156862745
0.5647058823529412
0.2352941176470588
0.0705882352941176
0.6117647058823530
0.4980392156862745
0.4078431372549020
0.5843137254901961
0.4823529411764706
0.4313725490196079
0.2470588235294118
0.0470588235294118
0.3686274509803922
0.1647058823529412
0.6235294117647059
0.3725490196078431
0.2901960784313726
0.8509803921568627
0.1725490196078431
0.5215686274509804
0.2470588235294118
0.9176470588235294
0.2470588235294118
0.5764705882352941
0.0784313725490196
0.4000000000000000
0.5098039215686274
0.4627450980392157
0.2117647058823529
0.1098039215686274
0.0823529411764706
0.5725490196078431
0.1725490196078431
0.9960784313725490
0.1333333333333333
0.4901960784313725
0.7882352941176470
0.0745098039215686
0.0745098039215686
0.9254901960784314
0.4980392156862745
0.7176470588235294
0.9411764705882353
0.2000000000000000
0.5490196078431373
0.1372549019607843
0.1803921568627451
0.1019607843137255
0.2470588235294118
0.1725490196078431
0.2901960784313726
0.4431372549019608
0.8588235294117647
0.0901960784313725
0.2588235294117647
0.5411764705882353
0.9137254901960784
0.1764705882352941
0.6823529411764706
0.8627450980392157
0.6588235294117647
0.1137254901960784
0.5607843137254902
0.7215686274509804
0.1647058823529412
0.1803921568627451
0.3490196078431372
0.9019607843137255
0.1803921568627451
0.2000000000000000
0.1803921568627451
0.8352941176470589
0.3921568627450980
0.8078431372549020
0.0313725490196078
0.1058823529411765
0.0470588235294118
0.2549019607843137
0.2078431372549020
0.2235294117647059
0.0627450980392157
0.0196078431372549
0.7921568627450980
0.5294117647058824
0.7176470588235294
0.0627450980392157
0.1215686274509804
0.0156862745098039
0.8862745098039215
0.5725490196078431
0.1803921568627451
0.0549019607843137
0.9411764705882353
0.2509803921568627
0.1843137254901961
0.2941176470588235
0.1568627450980392
0.0549019607843137
0.5882352941176471
0.9607843137254902
0.0784313725490196
0.5686274509803921
0.6431372549019608
0.7803921568627451
0.1019607843137255
0.7450980392156863
0.5647058823529412
0.1215686274509804
0.1764705882352941
0.9843137254901960
0.8117647058823529
0.7960784313725490
0.2274509803921569
0.2352941176470588
0.1803921568627451
0.0549019607843137
0.9137254901960784
0.0549019607843137
0.9176470588235294
0.9490196078431372
0.2039215686274510
0.2392156862745098
0.2274509803921569
0.0313725490196078
0.6431372549019608
0.5764705882352941
0.1215686274509804
0.3333333333333333
0.6196078431372549
0.9019607843137255
0.1725490196078431
0.3764705882352941
0.9803921568627451
0.4901960784313725
0.7098039215686275
0.8078431372549020
0.4784313725490196
0.5607843137254902
0.1803921568627451
0.3137254901960784
0.5411764705882353
0.3254901960784314
0.5019607843137255
0.6901960784313725
0.9411764705882353
0.5215686274509804
0.5803921568627451
0.1960784313725490
0.1647058823529412
0.0941176470588235
0.6549019607843137
0.1725490196078431
0.2705882352941176
0.5647058823529412
0.3960784313725490
0.6627450980392157
0.3450980392156863
0.4313725490196079
0.7098039215686275
0.1960784313725490
0.2274509803921569
0.5019607843137255
0.6156862745098040
0.1725490196078431
0.0823529411764706
0.9058823529411765
0.3411764705882353
0.6078431372549019
0.0392156862745098
0.6352941176470588
0.2274509803921569
0.6980392156862745
0.1411764705882353
0.7333333333333333
0.1058823529411765
0.4117647058823529
0.4980392156862745
0.7450980392156863
0.4980392156862745
0.9882352941176471
0.4313725490196079
0.2705882352941176
0.3254901960784314
0.1764705882352941
0.5137254901960784
0.0823529411764706
0.8274509803921568
0.3843137254901961
0.7843137254901961
0.5058823529411764
0.3411764705882353
0.4235294117647059
0.1137254901960784
0.4745098039215686
0.6156862745098040
0.8941176470588236
0.0000000000000000
0.2470588235294118
0.4313725490196079
0.6274509803921569
0.2039215686274510
0.5372549019607843
0.5176470588235295
0.2666666666666667
0.2313725490196079
0.2549019607843137
0.1725490196078431
0.8352941176470589
0.3843137254901961
0.5647058823529412
0.2745098039215687
0.0666666666666667
0.5176470588235295
0.3019607843137255
0.5921568627450980
0.8666666666666667
0.8352941176470589
0.0823529411764706
0.3333333333333333
0.5647058823529412
0.6745098039215687
0.2313725490196079
0.0392156862745098
0.5686274509803921
0.1372549019607843
0.8862745098039215
0.5843137254901961
0.8745098039215686
0.8941176470588236
0.7450980392156863
0.1176470588235294
0.0823529411764706
0.4745098039215686
0.3764705882352941
0.6627450980392157
0.0588235294117647
0.0509803921568627
0.4000000000000000
0.0588235294117647
0.8588235294117647
0.0313725490196078
0.0313725490196078
0.7098039215686275
0.1490196078431373
0.6352941176470588
0.6352941176470588
0.3254901960784314
0.5882352941176471
0.0588235294117647
0.5725490196078431
0.8156862745098039
0.8941176470588236
0.6823529411764706
0.2196078431372549
0.8117647058823529
0.0313725490196078
0.8980392156862745
-0.2617559861501726
-0.2226879285158185
-0.0820429210321436
-0.9649810235685466
-0.5430460011175221
-0.1797130651180289
-0.2539423746233017
-0.4180282166875890
-0.6446229509668429
-0.5821140587518764
-0.7579203181064699
-0.2578491803867372
-0.5000711377197327
-0.4453758570316370
-0.3711465475263641
-0.5078847492466034
-0.4727234973756848
-0.1953402881717706
-0.1992470939352060
-0.9923286639125946
-0.9180993544073217
-0.1992470939352060
-0.1211109786664978
-0.9415401889879341
-0.5625800299346992
-0.7305726777624219
-0.2109675112255122
-0.9141925486438862
-0.6758773970743263
-0.7540135123430344
-0.8048019872676948
-0.8243360160848717
-0.2539423746233017
-0.1836198708814643
-0.1640858420642873
-0.3008240437845267
-0.8399632391386135
-0.1015769498493207
-0.3711465475263641
-0.6797842028377616
-0.0234408345806125
-0.5664868356981346
-0.2226879285158185
-0.7696407353967760
-0.5586732241712637
-0.8516836564289196
-0.9571674120416759
-0.7579203181064699
-0.3906805763435411
-0.1718994535911581
-0.0859497267955791
-0.1992470939352060
-0.0820429210321436
-0.8829381025364030
-0.5703936414615700
-0.0820429210321436
-0.6563433682571491
-0.4258418282144598
-0.2344083458061247
-0.0742293095052728
-0.1797130651180289
-0.4570962743219431
-0.9024721313535801
-0.2969172380210913
-0.2656627919136080
-0.0195340288171771
-0.7422930950527282
-0.8399632391386135
-0.6016480875690533
-0.5391391953540867
-0.9649810235685466
-0.0195340288171771
-0.7266658719989865
-0.9532606062782405
-0.8594972679557905
-0.5352323895906513
-0.4063077993972828
-0.3555193244726225
-0.8321496276117427
-0.8048019872676948
-0.4961643319562973
-0.0039068057634354
-0.8555904621923550
-0.2969172380210913
-0.8048019872676948
-0.6875978143646324
-0.0742293095052728
-0.0039068057634354
-0.6133685048593596
-0.2344083458061247
-0.3633329359994932
-0.1836198708814643
-0.5977412818056180
-0.7696407353967760
-0.7188522604721157
-0.3984941878704120
-0.2109675112255122
-0.6446229509668429
-0.1718994535911581
-0.7579203181064699
-0.2305015400426893
-0.7618271238699053
-0.1054837556127561
-0.6094616990959242
-0.9610742178051113
-0.0781361152687082
-0.3828669648166704
-0.4688166916122494
-0.7540135123430344
-0.0820429210321436
-0.6993182316549386
-0.8165224045580010
-0.9337265774610632
-0.3359852956554454
-0.5078847492466034
-0.5430460011175221
-0.0976701440858853
-0.0742293095052728
-0.1523654247739810
-0.2969172380210913
-0.8594972679557905
-0.8829381025364030
-0.9806082466222882
-0.7696407353967760
-0.1992470939352060
-0.1445518132471102
-0.6836910086011969
-0.1015769498493207
-0.1015769498493207
-0.7657339296333407
-0.2891036264942204
-0.3164512668382684
-0.6993182316549386
-0.5196051665369097
-0.3984941878704120
-0.6524365624937137
-0.1758062593545935
-0.0507884749246603
-0.0937633383224499
-0.5391391953540867
-0.8634040737192260
-0.4102146051607182
-0.5743004472250054
-0.3984941878704120
-0.9649810235685466
-0.7422930950527282
-0.6211821163862304
-0.4649098858488140
-0.6954114258915032
-0.2070607054620768
-0.7071318431818095
-0.7032250374183741
-0.0039068057634354
-0.6446229509668429
-0.0664156979784020
-0.3672397417629287
-0.3828669648166704
-0.8751244910095322
-0.7696407353967760
-0.3320784898920099
-0.9649810235685466
-0.7461999008161636
-0.5430460011175221
-0.9571674120416759
-0.3906805763435411
-0.8008951815042594
-0.7344794835258573
-0.9962354696760299
-0.9259129659341926
-0.3750533532897995
-0.3164512668382684
-0.8008951815042594
-0.1797130651180289
-0.1367382017202394
-0.4531894685585077
-0.0937633383224499
-0.0546952806880958
-0.2930104322576559
-0.5274187780637806
-0.2344083458061247
-0.9102857428804508
-0.3477057129457516
-0.4610030800853786
-0.3984941878704120
-0.2656627919136080
-0.9610742178051113
-0.1718994535911581
-0.8399632391386135
-0.3555193244726225
-0.7344794835258573
-0.2461287630964309
-0.2305015400426893
-0.0664156979784020
-0.9532606062782405
-0.2617559861501726
-0.1445518132471102
-0.6446229509668429
-0.8790312967729675
-0.6016480875690533
-0.1406450074836748
-0.8634040737192260
-0.5156983607734744
-0.4141214109241537
-0.0351612518709187
-0.2461287630964309
-0.6211821163862304
-0.7149454547086803
-0.9024721313535801
-0.8126155987945656
-0.8360564333751781
-0.5391391953540867
-0.2969172380210913
-0.4883507204294264
-0.8321496276117427
-0.2812900149673496
-0.4531894685585077
-0.2031538996986414
-0.8008951815042594
-0.0781361152687082
-0.0390680576343541
-0.0429748633977895
-0.7266658719989865
-0.7422930950527282
-0.9532606062782405
-0.7461999008161636
-0.6368093394399721
-0.4180282166875890
-0.3359852956554454
-0.3906805763435411
-0.6211821163862304
-0.2500355688598663
-0.1953402881717706
-0.7813611526870823
-0.6094616990959242
-0.3086376553113975
-0.9649810235685466
-0.1093905613761915
-0.1015769498493207
-0.0742293095052728
-0.1679926478277227
-0.0234408345806125
-0.5743004472250054
-0.5782072529884409
-0.5391391953540867
-0.9180993544073217
-0.8321496276117427
-0.2969172380210913
-0.5821140587518764
-0.8829381025364030
-0.1797130651180289
-0.6993182316549386
-0.1211109786664978
-0.0078136115268708
-0.1445518132471102
-0.9220061601707572
-0.8243360160848717
-0.5625800299346992
-0.3359852956554454
-0.0429748633977895
-0.1836198708814643
-0.4453758570316370
-0.3867737705801057
-0.6211821163862304
-0.9337265774610632
-0.8243360160848717
-0.7032250374183741
-0.0039068057634354
-0.6250889221496658
-0.4649098858488140
-0.5899276702787472
-0.1875266766448997
-0.9962354696760299
-0.9102857428804508
-0.5977412818056180
-0.1640858420642873
-0.6446229509668429
-0.2031538996986414
-0.8360564333751781
-0.9923286639125946
-0.6993182316549386
-0.0586020864515312
-0.2265947342792539
-0.0234408345806125
-0.5821140587518764
-0.0273476403440479
-0.0039068057634354
-0.2930104322576559
-0.6407161452034076
-0.9180993544073217
-0.5547664184078285
-0.9649810235685466
-0.8282428218483073
-0.3281716841285746
-0.2500355688598663
-0.3359852956554454
-0.0273476403440479
-0.9415401889879341
-0.3672397417629287
-0.1640858420642873
-0.1250177844299332
-0.2773832092039142
-0.9454469947513695
-0.0586020864515312
-0.1445518132471102
-0.8985653255901446
-0.1914334824083352
-0.7110386489452449
-0.3633329359994932
-0.8165224045580010
-0.7344794835258573
-0.6758773970743263
-0.2578491803867372
-0.9767014408588528
-0.0390680576343541
-0.7305726777624219
-0.8829381025364030
-0.3203580726017038
-0.6875978143646324
-0.0546952806880958
-0.7930815699773885
-0.7930815699773885
-0.6055548933324887
-0.1953402881717706
-0.3008240437845267
-0.4024009936338474
-0.3828669648166704
-0.3906805763435411
-0.5703936414615700
-0.8790312967729675
-0.0586020864515312
-0.2578491803867372
-0.5860208645153118
-0.4688166916122494
-0.5469528068809576
-0.7813611526870823
-0.2187811227523830
-0.9962354696760299
-0.0195340288171771
-0.0000000000000000
-0.7071318431818095
-0.9259129659341926
-0.5274187780637806
-0.5156983607734744
-0.2226879285158185
-0.0664156979784020
-0.6836910086011969
-0.7852679584505177
-0.5352323895906513
-0.0312544461074833
-0.0234408345806125
-0.1523654247739810
-0.9767014408588528
-0.2226879285158185
-0.5899276702787472
-0.5977412818056180
-0.0429748633977895
-0.5274187780637806
-0.4649098858488140
-0.9649810235685466
-0.7305726777624219
-0.6250889221496658
-0.8790312967729675
-0.1523654247739810
-0.0156272230537416
-0.7071318431818095
-0.8634040737192260
-0.4180282166875890
-0.2305015400426893
-0.4883507204294264
-0.0078136115268708
-0.0195340288171771
-0.0351612518709187
-0.4883507204294264
-0.6133685048593596
-0.5313255838272160
-0.0507884749246603
-0.6485297567302782
-0.3437989071823162
-0.1289245901933686
-0.2851968207307850
-0.9220061601707572
-0.0742293095052728
-0.0742293095052728
-0.0937633383224499
-0.2344083458061247
-0.3477057129457516
-0.2539423746233017
-0.4063077993972828
-0.4102146051607182
-0.2187811227523830
-0.6055548933324887
-0.4219350224510244
-0.2109675112255122
-0.9415401889879341
-0.1015769498493207
-0.2734764034404788
-0.8243360160848717
-0.8985653255901446
-0.7930815699773885
-0.4727234973756848
-0.4024009936338474
-0.7266658719989865
-0.3047308495479621
-0.1679926478277227
-0.7657339296333407
-0.0000000000000000
-0.6524365624937137
-0.0312544461074833
-0.8946585198267092
-0.1211109786664978
-0.2812900149673496
-0.9962354696760299
-0.4141214109241537
-0.5039779434831680
-0.5274187780637806
-0.1054837556127561
-0.1093905613761915
-0.0664156979784020
-0.3164512668382684
-0.6797842028377616
-0.5352323895906513
-0.6016480875690533
-0.2969172380210913
-0.6993182316549386
-0.5235119723003452
-0.3945873821069765
-0.0468816691612249
-0.8555904621923550
-0.4024009936338474
-0.0859497267955791
-0.8008951815042594
-0.7305726777624219
-0.6797842028377616
-0.2148743169889476
-0.2422219573329955
-0.1054837556127561
-0.1601790363008519
-0.4727234973756848
-0.6407161452034076
-0.2969172380210913
-0.0625088922149666
-0.3672397417629287
-0.7891747642139531
-0.9102857428804508
-0.0742293095052728
-0.8048019872676948
-0.4844439146659910
-0.4961643319562973
-0.2851968207307850
-0.7579203181064699
-0.0664156979784020
-0.9649810235685466
-0.9376333832244987
-0.9532606062782405
-0.5703936414615700
-0.7188522604721157
-0.0000000000000000
-0.9610742178051113
-0.6797842028377616
-0.1211109786664978
-0.8399632391386135
-0.3008240437845267
-0.1992470939352060
-0.8829381025364030
-0.6250889221496658
-0.3555193244726225
-0.4844439146659910
-0.5821140587518764
-0.7071318431818095
-0.5078847492466034
-0.6954114258915032
-0.7540135123430344
-0.2109675112255122
-0.8790312967729675
-0.9220061601707572
-0.2656627919136080
-0.2695695976770434
-0.5821140587518764
-0.3008240437845267
-0.8751244910095322
-0.1992470939352060
-0.2969172380210913
-0.9806082466222882
-0.8048019872676948
-0.7813611526870823
-0.5625800299346992
-0.4141214109241537
-0.7266658719989865
-0.6250889221496658
-0.0546952806880958
-0.1836198708814643
-0.4102146051607182
-0.3437989071823162
-0.0546952806880958
-0.3984941878704120
-0.9845150523857237
-0.4531894685585077
-0.5078847492466034
-0.5586732241712637
-0.1914334824083352
-0.2031538996986414
-0.2539423746233017
-0.2422219573329955
-0.6524365624937137
-0.1718994535911581
-0.2891036264942204
-0.1093905613761915
-0.2461287630964309
-0.1054837556127561
-0.1289245901933686
-0.3164512668382684
-0.0390680576343541
-0.1054837556127561
-0.5000711377197327
-0.8985653255901446
-0.4024009936338474
-0.9454469947513695
-0.7461999008161636
-0.2539423746233017
-0.0937633383224499
-0.0820429210321436
-0.0195340288171771
-0.1132973671396269
-0.4180282166875890
-0.1093905613761915
-0.9767014408588528
-0.3047308495479621
-0.3164512668382684
-0.4766303031391202
-0.8360564333751781
-0.3984941878704120
-0.9923286639125946
-0.2539423746233017
-0.1601790363008519
-0.2305015400426893
-0.0195340288171771
-0.9962354696760299
-0.2070607054620768
-0.0664156979784020
-0.3086376553113975
-0.6836910086011969
-0.0898565325590145
-0.6016480875690533
-0.5899276702787472
-0.3242648783651391
-0.1562722305374165
-0.7461999008161636
-0.0703225037418374
-0.8477768506654844
-0.0742293095052728
-0.1875266766448997
-0.0546952806880958
-0.6602501740205845
-0.0000000000000000
-0.2812900149673496
-0.4336554397413307
-0.7383862892892927
-0.1640858420642873
-0.8087087930311301
-0.3750533532897995
-0.1054837556127561
-0.1992470939352060
-0.1093905613761915
-0.0351612518709187
-0.1015769498493207
-0.0273476403440479
-0.8282428218483073
-0.7579203181064699
-0.5313255838272160
-0.7618271238699053
-0.1015769498493207
-0.3242648783651391
-0.7930815699773885
-0.1250177844299332
-0.1093905613761915
-0.0976701440858853
-0.1015769498493207
-0.8790312967729675
-0.1328313959568040
-0.9180993544073217
-0.9610742178051113
-0.7188522604721157
-0.1992470939352060
-0.0937633383224499
-0.0742293095052728
-0.9415401889879341
-0.3320784898920099
-0.7344794835258573
-0.8594972679557905
-0.8048019872676948
-0.0156272230537416
-0.6875978143646324
-0.0039068057634354
-0.1015769498493207
-0.3477057129457516
-0.9649810235685466
-0.0742293095052728
-0.3867737705801057
-0.0273476403440479
-0.6954114258915032
-0.2187811227523830
-0.2461287630964309
-0.1562722305374165
-0.1367382017202394
-0.5586732241712637
-0.0664156979784020
-0.0898565325590145
-0.4141214109241537
-0.9962354696760299
-0.1562722305374165
-0.8907517140632739
-0.9141925486438862
-0.4531894685585077
-0.9220061601707572
-0.7305726777624219
-0.2695695976770434
-0.1953402881717706
-0.6524365624937137
-0.6875978143646324
-0.1289245901933686
-0.5743004472250054
-0.1250177844299332
-0.6407161452034076
-0.3867737705801057
-0.6211821163862304
-0.1640858420642873
-0.3164512668382684
-0.9415401889879341
-0.1523654247739810
-0.8048019872676948
-0.1797130651180289
-0.7461999008161636
-0.8712176852460968
-0.5860208645153118
-0.0976701440858853
-0.6875978143646324
-0.6836910086011969
-0.3594261302360579
-0.0078136115268708
-0.7266658719989865
-0.0429748633977895
-0.5899276702787472
-0.5586732241712637
-0.3516125187091870
-0.0000000000000000
-0.6329025336765367
-0.8282428218483073
-0.0390680576343541
-0.6954114258915032
-0.8165224045580010
-0.9415401889879341
-0.7032250374183741
-0.5313255838272160
-0.1015769498493207
-0.9024721313535801
-0.9102857428804508
-0.7774543469236469
-0.0820429210321436
-0.1836198708814643
-0.1875266766448997
-0.3047308495479621
-0.9220061601707572
-0.6485297567302782
-0.9220061601707572
-0.0859497267955791
-0.5821140587518764
-0.6016480875690533
-0.7383862892892927
-0.2148743169889476
-0.9180993544073217
-0.9923286639125946
-0.7461999008161636
-0.9415401889879341
-0.2695695976770434
-0.6797842028377616
-0.2891036264942204
-0.1523654247739810
-0.4531894685585077
-0.0625088922149666
-0.2969172380210913
-0.9141925486438862
-0.6055548933324887
-0.5625800299346992
-0.1445518132471102
-0.8477768506654844
-0.0625088922149666
-0.0625088922149666
-0.6407161452034076
-0.1640858420642873
-0.8399632391386135
-0.1992470939352060
-0.3516125187091870
-0.7579203181064699
-0.1992470939352060
-0.8008951815042594
-0.6563433682571491
-0.9454469947513695
-0.7032250374183741
-0.1992470939352060
-0.1367382017202394
-0.2461287630964309
-0.7266658719989865
-0.0781361152687082
-0.2461287630964309
-0.9610742178051113
-0.0507884749246603
-0.4883507204294264
-0.9102857428804508
-0.3672397417629287
-0.4688166916122494
-0.0507884749246603
-0.3633329359994932
-0.0390680576343541
-0.7930815699773885
-0.6055548933324887
-0.6250889221496658
-0.6016480875690533
-0.0664156979784020
-0.7618271238699053
-0.8399632391386135
-0.4883507204294264
-0.5352323895906513
-0.2617559861501726
-0.4570962743219431
-0.4492826627950723
-0.9571674120416759
-0.0586020864515312
-0.9415401889879341
-0.5430460011175221
-0.0859497267955791
-0.6993182316549386
-0.5039779434831680
-0.5860208645153118
-0.3594261302360579
-0.0429748633977895
-0.3633329359994932
-0.3437989071823162
-0.3555193244726225
-0.4688166916122494
-0.5039779434831680
-0.5821140587518764
-0.3125444610748329
-0.9806082466222882
-0.0781361152687082
-0.5000711377197327
-0.8126155987945656
-0.4766303031391202
-0.3281716841285746
-0.2734764034404788
-0.2539423746233017
-0.0468816691612249
-0.5039779434831680
-0.1992470939352060
-0.1289245901933686
-0.8751244910095322
-0.7344794835258573
-0.5899276702787472
-0.5313255838272160
-0.2500355688598663
-0.3633329359994932
-0.1758062593545935
-0.1992470939352060
-0.0546952806880958
-0.6563433682571491
-0.7266658719989865
-0.5391391953540867
-0.1015769498493207
-0.6680637855474554
-0.4063077993972828
-0.3320784898920099
-0.2070607054620768
-0.1093905613761915
-0.3477057129457516
-0.4336554397413307
-0.1328313959568040
-0.4102146051607182
-0.3828669648166704
-0.9727946350954174
-0.9727946350954174
-0.3359852956554454
-0.9532606062782405
-0.2500355688598663
-0.5430460011175221
-0.1015769498493207
-0.0507884749246603
-0.1211109786664978
-0.8751244910095322
-0.0625088922149666
-0.5235119723003452
-0.3984941878704120
-0.3828669648166704
-0.4024009936338474
-0.6250889221496658
-0.3789601590532349
-0.6993182316549386
-0.0625088922149666
-0.8399632391386135
-0.2109675112255122
-0.3555193244726225
-0.0273476403440479
-0.1679926478277227
-0.4453758570316370
-0.5821140587518764
-0.4844439146659910
-0.5430460011175221
-0.3125444610748329
-0.7930815699773885
-0.4883507204294264
-0.7266658719989865
-0.1289245901933686
-0.2695695976770434
-0.3008240437845267
-0.6250889221496658
-0.4610030800853786
-0.7266658719989865
-0.8087087930311301
-0.7344794835258573
-0.1015769498493207
-0.3242648783651391
-0.2695695976770434
-0.2070607054620768
-0.3477057129457516
-0.0468816691612249
-0.2969172380210913
-0.8087087930311301
-0.3437989071823162
-0.5352323895906513
-0.0078136115268708
-0.5196051665369097
-0.0586020864515312
-0.0195340288171771
-0.8087087930311301
-0.4219350224510244
-0.3359852956554454
-0.1211109786664978
-0.3203580726017038
-0.2305015400426893
-0.4414690512682015
-0.5117915550100389
-0.8321496276117427
-0.5743004472250054
-0.1640858420642873
-0.8555904621923550
-0.7657339296333407
-0.7344794835258573
-0.2226879285158185
-0.3086376553113975
-0.6680637855474554
-0.4453758570316370
-0.2344083458061247
-0.3047308495479621
-0.4297486339778953
-0.6602501740205845
-0.2265947342792539
-0.4805371089025556
-0.1758062593545935
-0.5469528068809576
-0.5547664184078285
-0.5469528068809576
-0.3164512668382684
-0.5039779434831680
-0.1992470939352060
-0.6875978143646324
-0.5235119723003452
-0.1562722305374165
-0.9337265774610632
-0.9532606062782405
-0.8634040737192260
-0.1640858420642873
-0.3477057129457516
-0.6758773970743263
-0.9102857428804508
-0.0429748633977895
-0.7032250374183741
-0.2422219573329955
-0.6602501740205845
-0.1132973671396269
-0.5430460011175221
-0.2617559861501726
-0.9102857428804508
-0.0156272230537416
-0.0468816691612249
-0.1015769498493207
-0.1172041729030623
-0.0429748633977895
-0.4492826627950723
-0.2383151515695601
-0.1836198708814643
-0.8516836564289196
-0.8946585198267092
-0.6993182316549386
-0.5352323895906513
-0.1875266766448997
-0.9220061601707572
-0.8008951815042594
-0.7383862892892927
-0.4102146051607182
-0.4883507204294264
-0.5703936414615700
-0.3828669648166704
-0.1328313959568040
-0.0078136115268708
-0.0703225037418374
-0.6485297567302782
-0.3125444610748329
-0.1992470939352060
-0.0820429210321436
-0.1172041729030623
-0.5235119723003452
-0.6758773970743263
-0.3750533532897995
-0.5391391953540867
-0.0820429210321436
-0.5821140587518764
-0.1484586190105456
-0.6094616990959242
-0.1640858420642873
-0.8751244910095322
-0.9571674120416759
-0.1758062593545935
-0.2226879285158185
-0.4688166916122494
-0.2773832092039142
-0.8751244910095322
-0.0429748633977895
-0.8282428218483073
-0.6368093394399721
-0.3867737705801057
-0.3555193244726225
-0.5274187780637806
-0.6016480875690533
-0.0664156979784020
-0.3477057129457516
-0.7344794835258573
-0.6094616990959242
-0.0195340288171771
-0.4570962743219431
-0.3672397417629287
-0.5860208645153118
-0.3320784898920099
-0.1718994535911581
-0.0312544461074833
-0.0390680576343541
-0.1679926478277227
-0.0625088922149666
-0.3281716841285746
-0.0312544461074833
-0.5352323895906513
-0.1992470939352060
-0.2226879285158185
-0.0625088922149666
-0.1093905613761915
-0.2265947342792539
-0.7813611526870823
-0.4492826627950723
-0.3984941878704120
-0.2891036264942204
-0.9767014408588528
-0.0429748633977895
-0.2344083458061247
-0.5391391953540867
-0.8087087930311301
-0.2539423746233017
-0.1484586190105456
-0.8829381025364030
-0.8399632391386135
-0.6719705913108909
-0.2265947342792539
-0.1132973671396269
-0.6485297567302782
-0.0625088922149666
-0.0898565325590145
-0.4453758570316370
-0.2305015400426893
-0.1015769498493207
-0.2305015400426893
-0.1523654247739810
-0.1093905613761915
-0.1992470939352060
-0.5899276702787472
-0.1484586190105456
-0.1640858420642873
-0.2187811227523830
-0.1093905613761915
-0.2773832092039142
-0.4727234973756848
-0.8790312967729675
-0.6602501740205845
-0.0039068057634354
-0.7071318431818095
-0.1484586190105456
-0.5274187780637806
-0.2539423746233017
-0.2148743169889476
-0.5625800299346992
-0.5156983607734744
-0.0429748633977895
-0.4453758570316370
-0.9767014408588528
-0.0195340288171771
-0.3945873821069765
-0.0351612518709187
-0.4453758570316370
-0.6211821163862304
-0.0390680576343541
-0.2265947342792539
-0.7266658719989865
-0.1992470939352060
-0.1015769498493207
-0.8008951815042594
-0.5352323895906513
-0.2383151515695601
-0.4961643319562973
-0.4688166916122494
-0.8477768506654844
-0.6250889221496658
-0.1211109786664978
-0.9415401889879341
-0.4688166916122494
-0.7266658719989865
-0.2851968207307850
-0.1250177844299332
-0.3320784898920099
-0.8087087930311301