0.6588235294117647
0.0745098039215686
0.2980392156862745
0.2039215686274510
0.6156862745098040
0.1098039215686274
0.8745098039215686
0.1607843137254902
0.1098039215686274
0.8980392156862745
0.4313725490196079
0.0431372549019608
0.3607843137254902
0.2588235294117647
0.9411764705882353
0.1764705882352941
0.6156862745098040
0.9568627450980393
0.7019607843137254
0.7333333333333333
0.2078431372549020
0.4000000000000000
0.4627450980392157
0.7921568627450980
0.7647058823529411
0.0941176470588235
0.0313725490196078
0.7294117647058823
0.2470588235294118
0.6980392156862745
0.1176470588235294
0.7098039215686275
0.2980392156862745
0.9882352941176471
0.0196078431372549
0.2666666666666667
0.3960784313725490
0.5803921568627451
0.3254901960784314
0.8745098039215686
0.4980392156862745
0.0039215686274510
0.1960784313725490
0.5254901960784314
0.9647058823529412
0.0313725490196078
0.9764705882352941
0.4901960784313725
0.2784313725490196
0.7647058823529411
0.8352941176470589
0.7490196078431373
0.5372549019607843
0.8980392156862745
0.2941176470588235
0.6784313725490196
0.6078431372549019
0.7411764705882353
0.5215686274509804
0.3960784313725490
0.9882352941176471
0.5490196078431373
0.6156862745098040
0.2000000000000000
0.0980392156862745
0.3137254901960784
0.5098039215686274
0.7607843137254902
0.2313725490196079
0.0000000000000000
0.0862745098039216
0.6627450980392157
0.8588235294117647
0.4705882352941176
0.7176470588235294
0.8627450980392157
0.0039215686274510
0.0470588235294118
0.3803921568627451
0.3294117647058823
0.9607843137254902
0.5568627450980392
0.6509803921568628
0.0823529411764706
0.2980392156862745
0.7176470588235294
0.0823529411764706
0.6705882352941176
0.2235294117647059
0.0392156862745098
0.2274509803921569
0.1647058823529412
0.6352941176470588
0.2352941176470588
0.4627450980392157
0.4666666666666667
0.8549019607843137
0.0431372549019608
0.1372549019607843
0.3529411764705883
0.3725490196078431
0.1333333333333333
0.7647058823529411
0.9490196078431372
0.1725490196078431
0.2000000000000000
0.8196078431372549
0.4313725490196079
0.2235294117647059
0.2980392156862745
0.3764705882352941
0.6470588235294118
0.4980392156862745
0.1490196078431373
0.9254901960784314
0.6745098039215687
0.9058823529411765
0.6862745098039216
0.2823529411764706
0.4352941176470588
0.5568627450980392
0.8549019607843137
0.5764705882352941
0.1803921568627451
0.0470588235294118
0.0470588235294118
0.5176470588235295
0.6078431372549019
0.3372549019607843
0.4078431372549020
0.6549019607843137
0.9607843137254902
0.8509803921568627
0.7176470588235294
0.4627450980392157
0.5764705882352941
0.0196078431372549
0.0627450980392157
0.1137254901960784
0.8352941176470589
0.8549019607843137
0.1137254901960784
0.1333333333333333
0.2000000000000000
1.0000000000000000
0.2000000000000000
0.7490196078431373
0.1960784313725490
0.5490196078431373
0.3529411764705883
0.1529411764705882
0.0352941176470588
0.1686274509803922
0.8823529411764706
0.5137254901960784
0.0509803921568627
0.3372549019607843
0.4235294117647059
0.3333333333333333
0.2549019607843137
0.0823529411764706
0.2823529411764706
0.1137254901960784
0.2941176470588235
0.5333333333333333
0.1803921568627451
0.1372549019607843
0.8588235294117647
0.5098039215686274
0.9568627450980393
0.4274509803921568
0.9058823529411765
0.5176470588235295
0.5098039215686274
0.9215686274509803
0.3764705882352941
0.8039215686274510
0.9882352941176471
0.1333333333333333
0.2352941176470588
0.3529411764705883
0.3725490196078431
0.0078431372549020
0.2823529411764706
0.4196078431372549
0.2862745098039216
0.3372549019607843
0.0039215686274510
0.9568627450980393
0.1372549019607843
0.2196078431372549
0.8352941176470589
0.8039215686274510
0.8352941176470589
1.0000000000000000
0.7137254901960784
0.9137254901960784
0.5490196078431373
0.0862745098039216
0.2745098039215687
0.0470588235294118
0.3647058823529412
0.5411764705882353
0.0313725490196078
0.4117647058823529
0.6196078431372549
0.3803921568627451
0.6352941176470588
0.7843137254901961
0.5647058823529412
0.1176470588235294
0.5137254901960784
0.0549019607843137
0.0156862745098039
0.4901960784313725
0.2352941176470588
0.5333333333333333
0.6509803921568628
0.0274509803921569
0.0823529411764706
0.5568627450980392
0.7019607843137254
0.0745098039215686
0.5686274509803921
0.2039215686274510
0.4549019607843137
0.2980392156862745
0.1019607843137255
0.4117647058823529
0.1019607843137255
0.0705882352941176
0.0156862745098039
0.2705882352941176
0.0941176470588235
0.1098039215686274
0.1686274509803922
0.0823529411764706
0.6392156862745098
0.3254901960784314
0.5921568627450980
0.6862745098039216
0.5215686274509804
0.0980392156862745
0.8392156862745098
0.3450980392156863
0.2392156862745098
0.1254901960784314
0.8941176470588236
0.5450980392156862
0.0588235294117647
0.5019607843137255
0.1843137254901961
0.9607843137254902
0.4745098039215686
0.3450980392156863
0.9372549019607843
0.6901960784313725
0.4156862745098039
0.6862745098039216
0.1019607843137255
0.7294117647058823
0.9764705882352941
0.9843137254901960
0.1803921568627451
0.3529411764705883
0.6588235294117647
0.0627450980392157
0.9254901960784314
0.5450980392156862
0.8313725490196079
0.0509803921568627
0.9450980392156862
0.5411764705882353
0.6431372549019608
0.1960784313725490
0.1647058823529412
0.9411764705882353
0.5137254901960784
0.3254901960784314
0.7803921568627451
0.0941176470588235
0.3098039215686275
0.1803921568627451
0.2039215686274510
0.6196078431372549
0.0392156862745098
0.4588235294117647
0.4117647058823529
0.2705882352941176
0.6980392156862745
0.9058823529411765
0.3137254901960784
0.8549019607843137
0.5411764705882353
0.6901960784313725
0.4588235294117647
0.5450980392156862
0.0039215686274510
0.0392156862745098
0.7098039215686275
0.6980392156862745
0.0196078431372549
0.3254901960784314
0.5607843137254902
0.8039215686274510
0.3411764705882353
0.6549019607843137
0.8196078431372549
0.6980392156862745
0.0196078431372549
0.2862745098039216
0.0901960784313725
0.4078431372549020
0.2745098039215687
0.4509803921568628
0.9411764705882353
0.7333333333333333
0.5843137254901961
0.9490196078431372
0.9764705882352941
0.7098039215686275
0.4000000000000000
0.8627450980392157
0.5176470588235295
0.5725490196078431
0.0470588235294118
0.7647058823529411
0.5058823529411764
0.4784313725490196
0.7019607843137254
0.0627450980392157
0.2235294117647059
0.6431372549019608
0.3450980392156863
0.4117647058823529
0.3294117647058823
0.0509803921568627
0.2156862745098039
0.1254901960784314
0.4156862745098039
0.5764705882352941
0.5411764705882353
0.4156862745098039
0.2156862745098039
0.2666666666666667
0.0980392156862745
0.8509803921568627
0.0392156862745098
0.7450980392156863
0.0549019607843137
0.2549019607843137
0.5333333333333333
0.8392156862745098
0.0274509803921569
0.8627450980392157
0.4705882352941176
0.0431372549019608
0.6117647058823530
0.4117647058823529
0.1019607843137255
0.7647058823529411
0.1882352941176471
0.1529411764705882
0.1764705882352941
0.9686274509803922
0.1882352941176471
0.9490196078431372
0.2588235294117647
0.9294117647058824
0.2274509803921569
0.3333333333333333
0.4470588235294118
0.1843137254901961
0.7882352941176470
0.4666666666666667
0.7176470588235294
0.1803921568627451
0.4705882352941176
0.4666666666666667
0.2235294117647059
0.2117647058823529
0.7607843137254902
0.7019607843137254
0.6000000000000000
0.1372549019607843
0.1568627450980392
0.5333333333333333
0.6235294117647059
0.4156862745098039
0.5647058823529412
0.2823529411764706
0.9490196078431372
0.1568627450980392
0.2549019607843137
0.1098039215686274
0.1137254901960784
0.3058823529411765
0.6980392156862745
0.1686274509803922
0.5882352941176471
0.5058823529411764
0.1254901960784314
0.7294117647058823
0.0509803921568627
0.9058823529411765
0.1176470588235294
0.4156862745098039
0.4431372549019608
0.1333333333333333
0.1098039215686274
0.2078431372549020
0.0274509803921569
0.1803921568627451
0.0901960784313725
0.0666666666666667
0.6196078431372549
0.9882352941176471
0.3333333333333333
0.0549019607843137
0.3294117647058823
0.6705882352941176
0.6196078431372549
0.4000000000000000
0.9176470588235294
0.3647058823529412
0.1568627450980392
0.4588235294117647
0.3372549019607843
0.3764705882352941
0.5058823529411764
0.6980392156862745
0.0980392156862745
0.5176470588235295
0.0392156862745098
0.3411764705882353
0.1137254901960784
0.9803921568627451
0.0000000000000000
0.1450980392156863
0.8941176470588236
0.1058823529411765
0.6000000000000000
0.5333333333333333
0.0509803921568627
0.9450980392156862
0.2784313725490196
0.2000000000000000
0.0784313725490196
0.8784313725490196
0.9490196078431372
0.3960784313725490
0.9450980392156862
0.7843137254901961
0.4745098039215686
0.2509803921568627
0.5215686274509804
0.0431372549019608
0.6549019607843137
0.1254901960784314
0.7176470588235294
0.3450980392156863
0.7372549019607844
0.1450980392156863
0.0588235294117647
0.6156862745098040
0.2392156862745098
0.6901960784313725
0.7294117647058823
0.5372549019607843
0.6039215686274509
0.7411764705882353
0.6901960784313725
0.5411764705882353
0.2274509803921569
0.7568627450980392
0.3764705882352941
0.0196078431372549
0.1568627450980392
0.2274509803921569
0.9960784313725490
0.5372549019607843
0.4352941176470588
0.5803921568627451
0.7411764705882353
0.2941176470588235
0.7215686274509804
0.3725490196078431
0.4705882352941176
0.2627450980392157
0.2117647058823529
0.2705882352941176
0.2901960784313726
0.1882352941176471
0.5607843137254902
0.7215686274509804
0.4509803921568628
0.2274509803921569
0.9764705882352941
0.8784313725490196
0.0078431372549020
0.0666666666666667
0.9450980392156862
0.5333333333333333
0.5098039215686274
0.2196078431372549
0.1450980392156863
0.6156862745098040
0.5490196078431373
0.0078431372549020
0.7803921568627451
0.5411764705882353
0.3686274509803922
0.0470588235294118
0.0784313725490196
0.5019607843137255
0.2549019607843137
0.7333333333333333
0.4980392156862745
0.0862745098039216
0.3137254901960784
0.9372549019607843
0.7803921568627451
0.2862745098039216
0.2588235294117647
0.5764705882352941
0.6392156862745098
0.6705882352941176
0.9568627450980393
0.9607843137254902
0.4392156862745098
0.5803921568627451
0.6901960784313725
0.6431372549019608
0.4862745098039216
0.1725490196078431
0.3450980392156863
0.4392156862745098
0.9843137254901960
0.4862745098039216
0.9058823529411765
0.9686274509803922
0.5490196078431373
0.4784313725490196
0.4588235294117647
0.7490196078431373
0.8156862745098039
0.0000000000000000
0.1411764705882353
0.2627450980392157
0.8823529411764706
0.9490196078431372
0.4392156862745098
0.7294117647058823
0.0549019607843137
0.0666666666666667
0.2470588235294118
0.2980392156862745
0.5843137254901961
0.8823529411764706
0.4588235294117647
0.0941176470588235
0.6117647058823530
0.0000000000000000
0.2901960784313726
0.3254901960784314
0.3411764705882353
0.3098039215686275
0.6745098039215687
0.0392156862745098
0.6627450980392157
0.8745098039215686
0.2509803921568627
0.0823529411764706
0.9137254901960784
0.5058823529411764
0.4745098039215686
0.4196078431372549
0.2745098039215687
0.1294117647058824
0.7960784313725490
0.1882352941176471
0.7960784313725490
0.1725490196078431
0.4745098039215686
0.3764705882352941
0.5686274509803921
0.6274509803921569
0.1921568627450981
0.2431372549019608
0.2156862745098039
0.7960784313725490
0.3921568627450980
0.0549019607843137
0.4627450980392157
0.8941176470588236
0.2705882352941176
0.5803921568627451
0.3568627450980392
0.0352941176470588
0.2823529411764706
0.6745098039215687
0.6588235294117647
0.0941176470588235
0.2235294117647059
0.6117647058823530
0.3333333333333333
0.3137254901960784
0.2274509803921569
0.4588235294117647
0.8117647058823529
0.0470588235294118
0.2901960784313726
0.8588235294117647
0.1921568627450981
0.0588235294117647
0.3725490196078431
1.0000000000000000
0.1058823529411765
0.5450980392156862
0.8784313725490196
0.8823529411764706
0.5843137254901961
0.1803921568627451
0.2235294117647059
0.9882352941176471
0.4235294117647059
0.2666666666666667
0.2862745098039216
0.9019607843137255
0.3490196078431372
0.3764705882352941
0.4117647058823529
0.1137254901960784
0.7019607843137254
0.1764705882352941
0.7686274509803922
0.5803921568627451
0.6392156862745098
0.2000000000000000
0.6117647058823530
0.4901960784313725
0.0823529411764706
0.0980392156862745
0.5764705882352941
0.8078431372549020
0.3294117647058823
0.6470588235294118
1.0000000000000000
0.5686274509803921
0.8980392156862745
0.5647058823529412
0.5254901960784314
0.2274509803921569
0.2705882352941176
0.8823529411764706
0.6117647058823530
0.7372549019607844
0.0941176470588235
0.2862745098039216
0.2627450980392157
0.7372549019607844
0.1372549019607843
0.6392156862745098
0.5568627450980392
0.1764705882352941
0.3607843137254902
0.1450980392156863
0.8823529411764706
0.4980392156862745
0.6392156862745098
0.6000000000000000
0.2980392156862745
0.1921568627450981
0.5333333333333333
0.0941176470588235
0.3137254901960784
0.0627450980392157
0.1921568627450981
0.2235294117647059
0.1411764705882353
0.0000000000000000
0.8509803921568627
0.0941176470588235
0.9176470588235294
0.7725490196078432
0.4862745098039216
0.7843137254901961
0.7137254901960784
0.6000000000000000
0.0078431372549020
0.2980392156862745
0.7411764705882353
0.2039215686274510
0.3725490196078431
0.2235294117647059
0.0980392156862745
0.1803921568627451
0.6196078431372549
0.7372549019607844
0.8117647058823529
0.0470588235294118
0.1882352941176471
0.0431372549019608
0.4901960784313725
0.3058823529411765
0.0666666666666667
0.8627450980392157
0.9490196078431372
0.6352941176470588
0.1019607843137255
0.6509803921568628
0.6470588235294118
0.6078431372549019
0.3372549019607843
0.4000000000000000
0.8392156862745098
0.9882352941176471
0.7411764705882353
0.4235294117647059
0.0784313725490196
0.2431372549019608
0.6980392156862745
0.8627450980392157
0.3098039215686275
0.0862745098039216
0.2627450980392157
0.7568627450980392
0.1490196078431373
0.9647058823529412
0.1568627450980392
0.6549019607843137
0.7058823529411765
0.3764705882352941
0.9764705882352941
0.9058823529411765
0.6000000000000000
0.6039215686274509
0.3019607843137255
0.6823529411764706
0.2627450980392157
0.5725490196078431
0.7843137254901961
0.8196078431372549
0.7490196078431373
0.7843137254901961
0.9450980392156862
0.7686274509803922
1.0000000000000000
0.5019607843137255
0.6784313725490196
0.8980392156862745
0.1450980392156863
0.1803921568627451
0.9372549019607843
0.2000000000000000
0.6745098039215687
0.1803921568627451
0.9294117647058824
0.5450980392156862
0.4352941176470588
0.9882352941176471
0.0274509803921569
1.0000000000000000
0.9490196078431372
0.1019607843137255
0.7725490196078432
0.4431372549019608
0.8980392156862745
0.5647058823529412
0.2352941176470588
0.0705882352941176
0.6117647058823530
0.4980392156862745
0.4078431372549020
0.5843137254901961
0.4823529411764706
0.4313725490196079
0.2470588235294118
0.0470588235294118
0.3686274509803922
0.1647058823529412
0.6235294117647059
0.3725490196078431
0.2901960784313726
0.8509803921568627
0.1725490196078431
0.5215686274509804
0.2470588235294118
0.9176470588235294
0.2470588235294118
0.5764705882352941
0.0784313725490196
0.4000000000000000
0.5098039215686274
0.4627450980392157
0.2117647058823529
0.1098039215686274
0.0823529411764706
0.5725490196078431
0.1725490196078431
0.9960784313725490
0.1333333333333333
0.4901960784313725
0.7882352941176470
0.0745098039215686
0.0745098039215686
0.9254901960784314
0.4980392156862745
0.7176470588235294
0.9411764705882353
0.2000000000000000
0.5490196078431373
0.1372549019607843
0.1803921568627451
0.1019607843137255
0.2470588235294118
0.1725490196078431
0.2901960784313726
0.4431372549019608
0.8588235294117647
0.0901960784313725
0.2588235294117647
0.5411764705882353
0.9137254901960784
0.1764705882352941
0.6823529411764706
0.8627450980392157
0.6588235294117647
0.1137254901960784
0.5607843137254902
0.7215686274509804
0.1647058823529412
0.1803921568627451
0.3490196078431372
0.9019607843137255
0.1803921568627451
0.2000000000000000
0.1803921568627451
0.8352941176470589
0.3921568627450980
0.8078431372549020
0.0313725490196078
0.1058823529411765
0.0470588235294118
0.2549019607843137
0.2078431372549020
0.2235294117647059
0.0627450980392157
0.0196078431372549
0.7921568627450980
0.5294117647058824
0.7176470588235294
0.0627450980392157
0.1215686274509804
0.0156862745098039
0.8862745098039215
0.5725490196078431
0.1803921568627451
0.0549019607843137
0.9411764705882353
0.2509803921568627
0.1843137254901961
0.2941176470588235
0.1568627450980392
0.0549019607843137
0.5882352941176471
0.9607843137254902
0.0784313725490196
0.5686274509803921
0.6431372549019608
0.7803921568627451
0.1019607843137255
0.7450980392156863
0.5647058823529412
0.1215686274509804
0.1764705882352941
0.9843137254901960
0.8117647058823529
0.7960784313725490
0.2274509803921569
0.2352941176470588
0.1803921568627451
0.0549019607843137
0.9137254901960784
0.0549019607843137
0.9176470588235294
0.9490196078431372
0.2039215686274510
0.2392156862745098
0.2274509803921569
0.0313725490196078
0.6431372549019608
0.5764705882352941
0.1215686274509804
0.3333333333333333
0.6196078431372549
0.9019607843137255
0.1725490196078431
0.3764705882352941
0.9803921568627451
0.4901960784313725
0.7098039215686275
0.8078431372549020
0.4784313725490196
0.5607843137254902
0.1803921568627451
0.3137254901960784
0.5411764705882353
0.3254901960784314
0.5019607843137255
0.6901960784313725
0.9411764705882353
0.5215686274509804
0.5803921568627451
0.1960784313725490
0.1647058823529412
0.0941176470588235
0.6549019607843137
0.1725490196078431
0.2705882352941176
0.5647058823529412
0.3960784313725490
0.6627450980392157
0.3450980392156863
0.4313725490196079
0.7098039215686275
0.1960784313725490
0.2274509803921569
0.5019607843137255
0.6156862745098040
0.1725490196078431
0.0823529411764706
0.9058823529411765
0.3411764705882353
0.6078431372549019
0.0392156862745098
0.6352941176470588
0.2274509803921569
0.6980392156862745
0.1411764705882353
0.7333333333333333
0.1058823529411765
0.4117647058823529
0.4980392156862745
0.7450980392156863
0.4980392156862745
0.9882352941176471
0.4313725490196079
0.2705882352941176
0.3254901960784314
0.1764705882352941
0.5137254901960784
0.0823529411764706
0.8274509803921568
0.3843137254901961
0.7843137254901961
0.5058823529411764
0.3411764705882353
0.4235294117647059
0.1137254901960784
0.4745098039215686
0.6156862745098040
0.8941176470588236
0.0000000000000000
0.2470588235294118
0.4313725490196079
0.6274509803921569
0.2039215686274510
0.5372549019607843
0.5176470588235295
0.2666666666666667
0.2313725490196079
0.2549019607843137
0.1725490196078431
0.8352941176470589
0.3843137254901961
0.5647058823529412
0.2745098039215687
0.0666666666666667
0.5176470588235295
0.3019607843137255
0.5921568627450980
0.8666666666666667
0.8352941176470589
0.0823529411764706
0.3333333333333333
0.5647058823529412
0.6745098039215687
0.2313725490196079
0.0392156862745098
0.5686274509803921
0.1372549019607843
0.8862745098039215
0.5843137254901961
0.8745098039215686
0.8941176470588236
0.7450980392156863
0.1176470588235294
0.0823529411764706
0.4745098039215686
0.3764705882352941
0.6627450980392157
0.0588235294117647
0.0509803921568627
0.4000000000000000
0.0588235294117647
0.8588235294117647
0.0313725490196078
0.0313725490196078
0.7098039215686275
0.1490196078431373
0.6352941176470588
0.6352941176470588
0.3254901960784314
0.5882352941176471
0.0588235294117647
0.5725490196078431
0.8156862745098039
0.8941176470588236
0.6823529411764706
0.2196078431372549
0.8117647058823529
0.0313725490196078
0.8980392156862745
-0.2881486280820517
-0.4226179878536758
-0.9451275001091295
-0.7876062500909413
-0.8990237196160011
-0.4802477134700861
-0.5225095122554537
-0.1920990853880345
-0.2497288110044448
-0.5186675305476930
-0.7415024695978130
-0.7415024695978130
-0.7222925610590095
-0.7876062500909413
-0.6339269817805138
-0.7645543598443771
-0.6685048171503599
-0.1613632317259489
-0.1575212500181883
-0.0998915244017779
-0.0768396341552138
-0.3112005183286158
-0.3918821341915903
-0.5378774390864965
-0.3688302439450261
-0.6300850000727530
-0.7645543598443771
-0.3534623171139833
-0.8644458842461550
-0.3419363719907013
-0.6569788720270778
-0.7030826525202061
-0.3457783536984620
-0.3073585366208551
-0.8145001220452662
-0.7645543598443771
-0.1459953048949062
-0.9067076830315227
-0.0384198170776069
-0.7299765244745310
-0.5071415854244110
-0.4341439329769579
-0.9451275001091295
-0.9451275001091295
-0.4418278963924792
-0.1767311585569917
-0.3611462805295048
-0.3035165549130945
-0.8452359757073516
-0.1728891768492310
-0.9643374086479329
-0.5378774390864965
-0.3342524085751800
-0.6108750915339496
-0.2727807012510090
-0.8990237196160011
-0.3918821341915903
-0.3688302439450261
-0.0729976524474531
-0.1037335061095386
-0.4725637500545647
-0.4764057317623254
-0.0922075609862565
-0.2036250305113166
-0.1690471951414703
-0.1229434146483420
-0.5878232012873854
-0.5225095122554537
-0.2766226829587696
-0.5647713110408212
-0.6108750915339496
-0.4456698781002399
-0.4226179878536758
-0.2689387195432483
-0.0268938719543248
-0.3342524085751800
-0.3726722256527868
-0.9374435366936082
-0.5955071647029068
-0.5109835671321716
-0.6877147256891633
-0.0922075609862565
-0.0614717073241710
-0.6915567073969240
-0.7222925610590095
-0.3150425000363765
-0.1536792683104276
-0.2689387195432483
-0.1037335061095386
-0.7453444513055737
-0.8644458842461550
-0.6761887805658813
-0.4303019512691972
-0.0806816158629745
-0.1344693597716241
-0.1536792683104276
-0.0422617987853676
-0.2535707927122055
-0.3150425000363765
-0.2036250305113166
-0.9797053354789758
-0.6108750915339496
-0.5032996037166503
-0.6031911281184281
-0.3995660976071117
-0.5609293293330606
-0.8836557927849584
-0.1114174695250600
-0.0268938719543248
-0.5032996037166503
-0.9297595732780867
-0.1652052134337096
-0.0806816158629745
-0.4110920427303937
-0.1805731402647524
-0.4994576220088895
-0.0691556707396924
-0.0076839634155214
-0.4879316768856076
-0.4533538415157614
-0.1767311585569917
-0.2958325914975731
-0.0960495426940172
-0.2958325914975731
-0.8874977744927193
-0.1613632317259489
-0.1767311585569917
-0.0422617987853676
-0.7261345427667703
-0.3112005183286158
-0.3073585366208551
-0.0653136890319317
-0.9220756098625654
-0.3419363719907013
-0.1267853963561028
-0.1344693597716241
-0.0922075609862565
-0.7952902135064626
-0.7491864330133343
-0.4956156403011289
-0.3150425000363765
-0.1421533231871455
-0.1690471951414703
-0.6646628354425993
-0.9028657013237620
-0.3573042988217441
-0.8682878659539157
-0.4379859146847186
-0.0499457622008890
-0.8567619208306336
-0.6416109451960351
-0.7222925610590095
-0.1613632317259489
-0.3765142073605476
-0.9297595732780867
-0.0153679268310428
-0.2266769207578807
-0.6953986891046848
-0.7645543598443771
-0.5494033842097785
-0.7222925610590095
-0.6838727439814026
-0.7415024695978130
-0.8874977744927193
-0.2420448475889234
-0.7760803049676591
-0.9758633537712151
-0.1882571036802738
-0.9758633537712151
-0.3611462805295048
-0.6646628354425993
-0.1613632317259489
-0.1767311585569917
-0.2766226829587696
-0.5225095122554537
-0.6377689634882744
-0.3035165549130945
-0.8145001220452662
-0.4956156403011289
-0.8836557927849584
-0.2151509756345986
-0.2266769207578807
-0.2766226829587696
-0.4110920427303937
-0.1613632317259489
-0.1959410670957952
-0.0422617987853676
-0.1383113414793848
-0.1575212500181883
-0.0729976524474531
-0.5109835671321716
-0.0653136890319317
-0.0729976524474531
-0.8029741769219840
-0.2036250305113166
-0.5109835671321716
-0.4149340244381544
-0.1767311585569917
-0.7453444513055737
-0.8990237196160011
-0.9566534452324116
-0.7645543598443771
-0.7722383232598985
-0.2266769207578807
-0.0768396341552138
-0.0345778353698462
-0.6031911281184281
-0.2574127744199662
-0.9681793903556937
-0.0230518902465641
-0.9643374086479329
-0.6339269817805138
-0.5801392378718641
-0.7645543598443771
-0.4264599695614365
-0.0038419817077607
-0.4648797866390433
-0.9297595732780867
-0.9797053354789758
-0.3688302439450261
-0.1882571036802738
-0.1421533231871455
-0.8874977744927193
-0.3995660976071117
-0.8567619208306336
-0.0768396341552138
-0.4495118598080006
-0.6377689634882744
-0.9451275001091295
-0.3073585366208551
-0.9297595732780867
-0.6992406708124455
-0.3150425000363765
-0.7030826525202061
-0.7568703964288558
-0.5148255488399324
-0.2689387195432483
-0.7184505793512488
-0.8874977744927193
-0.1575212500181883
-0.0461037804931283
-0.0998915244017779
-0.3073585366208551
-0.8221840854607875
-0.7069246342279667
-0.8951817379082405
-0.9105496647392833
-0.6646628354425993
-0.4956156403011289
-0.9067076830315227
-0.7299765244745310
-0.3496203354062227
-0.7415024695978130
-0.8759718293694372
-0.0614717073241710
-0.2382028658811627
-0.0653136890319317
-0.5301934756709751
-0.6224010366572317
-0.6492949086115565
-0.9489694818168902
-0.1114174695250600
-0.8106581403375053
-0.4994576220088895
-0.5032996037166503
-0.1652052134337096
-0.0998915244017779
-0.0153679268310428
-0.7760803049676591
-0.3765142073605476
-0.9604954269401722
-0.4610378049312827
-0.0038419817077607
-0.4110920427303937
-0.0076839634155214
-0.0806816158629745
-0.2535707927122055
-0.4994576220088895
-0.5186675305476930
-0.5225095122554537
-0.8029741769219840
-0.4303019512691972
-0.1459953048949062
-0.3688302439450261
-0.2574127744199662
-0.6416109451960351
-0.2766226829587696
-0.1959410670957952
-0.3150425000363765
-0.1882571036802738
-0.9643374086479329
-0.1575212500181883
-0.2074670122190772
-0.0461037804931283
-0.9297595732780867
-0.7952902135064626
-0.0000000000000000
-0.2497288110044448
-0.0806816158629745
-0.3765142073605476
-0.1075754878172993
-0.8106581403375053
-0.7568703964288558
-0.8951817379082405
-0.4303019512691972
-0.5916651829951461
-0.8221840854607875
-0.8337100305840696
-0.4994576220088895
-0.6108750915339496
-0.2036250305113166
-0.1882571036802738
-0.2804646646665303
-0.6761887805658813
-0.3035165549130945
-0.5724552744563427
-0.5301934756709751
-0.3188844817441372
-0.6685048171503599
-0.1229434146483420
-0.5301934756709751
-0.0384198170776069
-0.3227264634518979
-0.3112005183286158
-0.0537877439086496
-0.7914482317987019
-0.3073585366208551
-0.4802477134700861
-0.7760803049676591
-0.0653136890319317
-0.6646628354425993
-0.0614717073241710
-0.1959410670957952
-0.7222925610590095
-0.7453444513055737
-0.9374435366936082
-0.0883655792784958
-0.7491864330133343
-0.6608208537348386
-0.8375520122918302
-0.6300850000727530
-0.4687217683468041
-0.0076839634155214
-0.1306273780638634
-0.9489694818168902
-0.3419363719907013
-0.3957241158993510
-0.4149340244381544
-0.5494033842097785
-0.7030826525202061
-0.2843066463742910
-0.0729976524474531
-0.4764057317623254
-0.7876062500909413
-0.0845235975707352
-0.6416109451960351
-0.1344693597716241
-0.8221840854607875
-0.6915567073969240
-0.5455614025020179
-0.0461037804931283
-0.6262430183649923
-0.3073585366208551
-0.2766226829587696
-0.0537877439086496
-0.8183421037530269
-0.0230518902465641
-0.8490779574151124
-0.1997830488035559
-0.4418278963924792
-0.2343608841734021
-0.9758633537712151
-0.8990237196160011
-0.8452359757073516
-0.0845235975707352
-0.1613632317259489
-0.3803561890683082
-0.7299765244745310
-0.0653136890319317
-0.2266769207578807
-0.8452359757073516
-0.6723467988581205
-0.7876062500909413
-0.8106581403375053
-0.4110920427303937
-0.1997830488035559
-0.4879316768856076
-0.0000000000000000
-0.5032996037166503
-0.9067076830315227
-0.2881486280820517
-0.1728891768492310
-0.3880401524838296
-0.0384198170776069
-0.1114174695250600
-0.5494033842097785
-0.9489694818168902
-0.9182336281548047
-0.3573042988217441
-0.1191014329405814
-0.4418278963924792
-0.0307358536620855
-0.3035165549130945
-0.7722383232598985
-0.4187760061459151
-0.3342524085751800
-0.2343608841734021
-0.7876062500909413
-0.9067076830315227
-0.6761887805658813
-0.0883655792784958
-0.0076839634155214
-0.6761887805658813
-0.8029741769219840
-0.3496203354062227
-0.4610378049312827
-0.0192099085388034
-0.3188844817441372
-0.5225095122554537
-0.7415024695978130
-0.2650967378354875
-0.5609293293330606
-0.0000000000000000
-0.2574127744199662
-0.4764057317623254
-0.4533538415157614
-0.6646628354425993
-0.0768396341552138
-0.0384198170776069
-0.0537877439086496
-0.5340354573787357
-0.4533538415157614
-0.5570873476252999
-0.4341439329769579
-0.7568703964288558
-0.4917736585933682
-0.2074670122190772
-0.0768396341552138
-0.3803561890683082
-0.8029741769219840
-0.3573042988217441
-0.2266769207578807
-0.4303019512691972
-0.4303019512691972
-0.5455614025020179
-0.0653136890319317
-0.9067076830315227
-0.3265684451596585
-0.5071415854244110
-0.2113089939268379
-0.1767311585569917
-0.7030826525202061
-0.8874977744927193
-0.0230518902465641
-0.1844151219725131
-0.0153679268310428
-0.6377689634882744
-0.1536792683104276
-0.7261345427667703
-0.9643374086479329
-0.3726722256527868
-0.1575212500181883
-0.9681793903556937
-0.8682878659539157
-0.8951817379082405
-0.1383113414793848
-0.3611462805295048
-0.5686132927485820
-0.2189929573423593
-0.0806816158629745
-0.7415024695978130
-0.3304104268674193
-0.0768396341552138
-0.3073585366208551
-0.6877147256891633
-0.0384198170776069
-0.3304104268674193
-0.9259175915703260
-0.0998915244017779
-0.0000000000000000
-0.8490779574151124
-0.0653136890319317
-0.5878232012873854
-0.6953986891046848
-0.5955071647029068
-0.9451275001091295
-0.6723467988581205
-0.0537877439086496
-0.8798138110771978
-0.8951817379082405
-0.2727807012510090
-0.4303019512691972
-0.0653136890319317
-0.8221840854607875
-0.5801392378718641
-0.4610378049312827
-0.8759718293694372
-0.3150425000363765
-0.5647713110408212
-0.7415024695978130
-0.2189929573423593
-0.2574127744199662
-0.6915567073969240
-0.8606039025383944
-0.0691556707396924
-0.2650967378354875
-0.5686132927485820
-0.2113089939268379
-0.2228349390501200
-0.3688302439450261
-0.3457783536984620
-0.5109835671321716
-0.0998915244017779
-0.6838727439814026
-0.3765142073605476
-0.1920990853880345
-0.8990237196160011
-0.1152594512328207
-0.5071415854244110
-0.3380943902829406
-0.5993491464106675
-0.7952902135064626
-0.0922075609862565
-0.8145001220452662
-0.0537877439086496
-0.9566534452324116
-0.3957241158993510
-0.2766226829587696
-0.0345778353698462
-0.1459953048949062
-0.9297595732780867
-0.3304104268674193
-0.1191014329405814
-0.0653136890319317
-0.2919906097898123
-0.2497288110044448
-0.4648797866390433
-0.0153679268310428
-0.1267853963561028
-0.0806816158629745
-0.5225095122554537
-0.3380943902829406
-0.2343608841734021
-0.1114174695250600
-0.4571958232235220
-0.4149340244381544
-0.2919906097898123
-0.1037335061095386
-0.0038419817077607
-0.9797053354789758
-0.8990237196160011
-0.6147170732417102
-0.2958325914975731
-0.1459953048949062
-0.1652052134337096
-0.3841981707760689
-0.8375520122918302
-0.9758633537712151
-0.4802477134700861
-0.1037335061095386
-0.5225095122554537
-0.3765142073605476
-0.3496203354062227
-0.4687217683468041
-0.8682878659539157
-0.9489694818168902
-0.2189929573423593
-0.3188844817441372
-0.7491864330133343
-0.4187760061459151
-0.0345778353698462
-0.0576297256164103
-0.2919906097898123
-0.3573042988217441
-0.3649882622372655
-0.0422617987853676
-0.1728891768492310
-0.9067076830315227
-0.2996745732053337
-0.0461037804931283
-0.3957241158993510
-0.3265684451596585
-0.5494033842097785
-0.8644458842461550
-0.4879316768856076
-0.3035165549130945
-0.2689387195432483
-0.3573042988217441
-0.3419363719907013
-0.4187760061459151
-0.1267853963561028
-0.3188844817441372
-0.7722383232598985
-0.7030826525202061
-0.9681793903556937
-0.3150425000363765
-0.8836557927849584
-0.7184505793512488
-0.1075754878172993
-0.9758633537712151
-0.4802477134700861
-0.0422617987853676
-0.0691556707396924
-0.2996745732053337
-0.9797053354789758
-0.5993491464106675
-0.4956156403011289
-0.5686132927485820
-0.1383113414793848
-0.7261345427667703
-0.0922075609862565
-0.1728891768492310
-0.7222925610590095
-0.6761887805658813
-0.8375520122918302
-0.7683963415521379
-0.5340354573787357
-0.0499457622008890
-0.1536792683104276
-0.0384198170776069
-0.4149340244381544
-0.4725637500545647
-0.1114174695250600
-0.1306273780638634
-0.7338185061822916
-0.1652052134337096
-0.8606039025383944
-0.4648797866390433
-0.1344693597716241
-0.7952902135064626
-0.2766226829587696
-0.9643374086479329
-0.1459953048949062
-0.2727807012510090
-0.3227264634518979
-0.9797053354789758
-0.0998915244017779
-0.7222925610590095
-0.0461037804931283
-0.6070331098261890
-0.2919906097898123
-0.6608208537348386
-0.8413939939995908
-0.5762972561641034
-0.1191014329405814
-0.6300850000727530
-0.7491864330133343
-0.7683963415521379
-0.5301934756709751
-0.5301934756709751
-0.4610378049312827
-0.1383113414793848
-0.5878232012873854
-0.2535707927122055
-0.3035165549130945
-0.3841981707760689
-0.9259175915703260
-0.2036250305113166
-0.0806816158629745
-0.5724552744563427
-0.4034080793148723
-0.0729976524474531
-0.2305189024656414
-0.2420448475889234
-0.2497288110044448
-0.5609293293330606
-0.4802477134700861
-0.0537877439086496
-0.0461037804931283
-0.5378774390864965
-0.5762972561641034
-0.5225095122554537
-0.7222925610590095
-0.3496203354062227
-0.2766226829587696
-0.1613632317259489
-0.6723467988581205
-0.4149340244381544
-0.0422617987853676
-0.5186675305476930
-0.4149340244381544
-0.1114174695250600
-0.3304104268674193
-0.5301934756709751
-0.8221840854607875
-0.1613632317259489
-0.1421533231871455
-0.3265684451596585
-0.1997830488035559
-0.1690471951414703
-0.6339269817805138
-0.4879316768856076
-0.4687217683468041
-0.8567619208306336
-0.6761887805658813
-0.7530284147210952
-0.4226179878536758
-0.8145001220452662
-0.4495118598080006
-0.3457783536984620
-0.6953986891046848
-0.8029741769219840
-0.3265684451596585
-0.4456698781002399
-0.0422617987853676
-0.3342524085751800
-0.6761887805658813
-0.2689387195432483
-0.0729976524474531
-0.8836557927849584
-0.4379859146847186
-0.8567619208306336
-0.3227264634518979
-0.8490779574151124
-0.5609293293330606
-0.2996745732053337
-0.5148255488399324
-0.8874977744927193
-0.4764057317623254
-0.4072500610226331
-0.9297595732780867
-0.2996745732053337
-0.2766226829587696
-0.7261345427667703
-0.5378774390864965
-0.3611462805295048
-0.3726722256527868
-0.0653136890319317
-0.2727807012510090
-0.0998915244017779
-0.2189929573423593
-0.5570873476252999
-0.4418278963924792
-0.0537877439086496
-0.2574127744199662
-0.0614717073241710
-0.3188844817441372
-0.1344693597716241
-0.3611462805295048
-0.4072500610226331
-0.3995660976071117
-0.0883655792784958
-0.1306273780638634
-0.6108750915339496
-0.9105496647392833
-0.2881486280820517
-0.0230518902465641
-0.7876062500909413
-0.1997830488035559
-0.3534623171139833
-0.6569788720270778
-0.8452359757073516
-0.2650967378354875
-0.2189929573423593
-0.6953986891046848
-0.5916651829951461
-0.5186675305476930
-0.7261345427667703
-0.7146085976434882
-0.2612547561277269
-0.0153679268310428
-0.3688302439450261
-0.4725637500545647
-0.4341439329769579
-0.5378774390864965
-0.9105496647392833
-0.0153679268310428
-0.8452359757073516
-0.0153679268310428
-0.3073585366208551
-0.9681793903556937
-0.1690471951414703
-0.0883655792784958
-0.8644458842461550
-0.6838727439814026
-0.7184505793512488
-0.6492949086115565
-0.1652052134337096
-0.5609293293330606
-0.4379859146847186
-0.7952902135064626
-0.0729976524474531
-0.2612547561277269
-0.5494033842097785
-0.7683963415521379
-0.1767311585569917
-0.0499457622008890
-0.3265684451596585
-0.0153679268310428
-0.7645543598443771
-0.7030826525202061
-0.7645543598443771
-0.6070331098261890
-0.6108750915339496
-0.2382028658811627
-0.0499457622008890
-0.2574127744199662
-0.1920990853880345
-0.9412855184013689
-0.3918821341915903
-0.9797053354789758
-0.5532453659175393
-0.8490779574151124
-0.9067076830315227
-0.5148255488399324
-0.2612547561277269
-0.0883655792784958
-0.4725637500545647
-0.4072500610226331
-0.1421533231871455
-0.1997830488035559
-0.8337100305840696
-0.3457783536984620
-0.9797053354789758
-0.1306273780638634
-0.7415024695978130
-0.0960495426940172
-0.6646628354425993
-0.1344693597716241
-0.1767311585569917
-0.1767311585569917
-0.8567619208306336
-0.3841981707760689
-0.2881486280820517
-0.6224010366572317
-0.4802477134700861
-0.0922075609862565
-0.8990237196160011
-0.6761887805658813
-0.5532453659175393
-0.4495118598080006
-0.1421533231871455
-0.8951817379082405
-0.3150425000363765
-0.5378774390864965
-0.0729976524474531
-0.7261345427667703
-0.5916651829951461
-0.3419363719907013
-0.0537877439086496
-0.7876062500909413
-0.3112005183286158
-0.1114174695250600
-0.8644458842461550
-0.0768396341552138
-0.3265684451596585
-0.4879316768856076
-0.7683963415521379
-0.0883655792784958
-0.0576297256164103
-0.9067076830315227
-0.3496203354062227
-0.5801392378718641
-0.3765142073605476
-0.3457783536984620
-0.0845235975707352
-0.4379859146847186
-0.0729976524474531
-0.6608208537348386
-0.8413939939995908
-0.2689387195432483
-0.3457783536984620
-0.6147170732417102
-0.4072500610226331
-0.1767311585569917
-0.0922075609862565
-0.0461037804931283
-0.4610378049312827
-0.2650967378354875
-0.6031911281184281
-0.3457783536984620
-0.2497288110044448
-0.9797053354789758
-0.7530284147210952
-0.0000000000000000
-0.9797053354789758
-0.7991321952142234
-0.6646628354425993
-0.2228349390501200
-0.0614717073241710
-0.1613632317259489
-0.9797053354789758
-0.8759718293694372
-0.5071415854244110
-0.1844151219725131
-0.9374435366936082
-0.6569788720270778
-0.7760803049676591
-0.1075754878172993
-0.5609293293330606
-0.8221840854607875
-0.5301934756709751
-0.4571958232235220
-0.7799222866754199
-0.4418278963924792
-0.8759718293694372
-0.3073585366208551
-0.6416109451960351
-0.5263514939632143
-0.7453444513055737
-0.5647713110408212
-0.9681793903556937
-0.5993491464106675
-0.4648797866390433
-0.8798138110771978
-0.1344693597716241
-0.1767311585569917
-0.6761887805658813
-0.3841981707760689
-0.9566534452324116
-0.1575212500181883
-0.0729976524474531
-0.2996745732053337
-0.1690471951414703
-0.3265684451596585
-0.2228349390501200
-0.0268938719543248
-0.8106581403375053
-0.7261345427667703
-0.3803561890683082
-0.1191014329405814
-0.5955071647029068
-0.9028657013237620
-0.4571958232235220
-0.2843066463742910
-0.3380943902829406
-0.9182336281548047
-0.8644458842461550
-0.6492949086115565
-0.2036250305113166
-0.7568703964288558
-0.0729976524474531
-0.4187760061459151
-0.4687217683468041
-0.6838727439814026
-0.5378774390864965
-0.6569788720270778
-0.6224010366572317
-0.5494033842097785
-0.7876062500909413
-0.1344693597716241
-0.3342524085751800
-0.6723467988581205
-0.7030826525202061
-0.2919906097898123
-0.0614717073241710
-0.0000000000000000
-0.3496203354062227
-0.5993491464106675
-0.4149340244381544
-0.9758633537712151
-0.5032996037166503
-0.5762972561641034
-0.2919906097898123
-0.6992406708124455
-0.5186675305476930
-0.9067076830315227
-0.8145001220452662
-0.0883655792784958
-0.4879316768856076
-0.8452359757073516
-0.8452359757073516
-0.1997830488035559
-0.1114174695250600
-0.4956156403011289
-0.1114174695250600
-0.7453444513055737
-0.4072500610226331
-0.2497288110044448
-0.3496203354062227
-0.3534623171139833
-0.5148255488399324
-0.7222925610590095
-0.1114174695250600
-0.2612547561277269
-0.3918821341915903
-0.3035165549130945
-0.8759718293694372
-0.9105496647392833
-0.5455614025020179
-0.0883655792784958
-0.1728891768492310
-0.8836557927849584
-0.5647713110408212
-0.1536792683104276
-0.9412855184013689
-0.4110920427303937
-0.1498372866026669
-0.4418278963924792
-0.4110920427303937
-0.7530284147210952
-0.4418278963924792
-0.1383113414793848
-0.3765142073605476
-0.2382028658811627
-0.2919906097898123
-0.5686132927485820
-0.3188844817441372
-0.9182336281548047
-0.7338185061822916
-0.4879316768856076
-0.2919906097898123
-0.4418278963924792
-0.8874977744927193
-0.0576297256164103
-0.7760803049676591
-0.9028657013237620
-0.2189929573423593
-0.3573042988217441
-0.0422617987853676
-0.7069246342279667
-0.1306273780638634
-0.7722383232598985
-0.5225095122554537
-0.7453444513055737
-0.2113089939268379
-0.3380943902829406
-0.0883655792784958
-0.2574127744199662
-0.5263514939632143
-0.1306273780638634
-0.6685048171503599
-0.3457783536984620
-0.2420448475889234